1
1
1
1
1
1
1
1
8
1
4
7
1
1
2
2
2
1
4
7
10
3
38
8
2
13
1
1
2
35
1
1
11
9
1
1
21
151
460
10
1
1
1
1
1
1
2
1
2
2
1
1
1
1
1
1
1
11
3
2
1
1
3
4
5
2
1
1
679
9
117
7
7
64
3
9
52
34
1
15
1
2
1
1
20
95
1
1
1
1
1
2
22
42
7
1
9
397
1
1
2
13
1
1
1
1
2
66
1
1
2
2
15
2
1
1
1
3
5
1
1
1
19
54
2
2
17
2
13
3
1
1
2
35
2
1
23
1
2
1
1
1
2
8
2
1
49
510
3
2
1
1
4
2
9
1
10
1339
2
2
1
1
8
3
1
1
1
1
1
1
9
1
14
160
2
20
3
5
1
1
1
1
1
1
1
1
2
2
10
2
2
3
1
1
8
3
14
6
10
101
1
1
20
1
28
110
3
188
1
1
4
2
31
96
2
2
2
2
48
1117
1
1
70
503
1
1
3
46
1
1
266
38
6
4
1
1
1
1
1
1
24
2
1
1
1
1
17
2
2
18
2
368
1
1
525
26
2
2
1
1
1
1
1
1
1
8
18
2
2
2
28
268
5
2
13
49
1
1
2
5
31
269
1
1
1
1
1
1
2
2
4
2
1
1
4
41
1
1
13
2
2
29
1
1
1
1
3
2
1
1
2
2
1
16
20
47
1
1
1
1
2
2
2
4
1
1
1
1
1
1
1
1
4
16
1
1
1
1
1
21
4
45
1
1
1
1
2
10
1
1
1846
271
1
35
2
5
1
1
1
1
1
1
4
4
13
2
2
2
1
1
6
802
1
1
10
8
6
75
10
7
10
2
1
1
13
1
4
3
2
1
1
1
2
2
3
61
4
2
1
1
1
1
1
1
1
1
1
1
1
1
1
1
1
2
1
1
7
1
22
55
7
2
24
13
2
9
4
36
20
47
31
231
22
289
1
1
2
2
1
1
1
1
1
1
2
8
1
1
2
13
22
1
14
8
3
2
1
1
1
1
1
1
5
8
2
142
20
21
14
2
6
1
1
1
1
2
1
1
1
1
92
852
1
1
1
1
1
1
1
1
10
2
37
346
3
2
4
3
1
1
1
6
1
1
2
2
1
10
4
12
1
1
2
10
10
2
2
12
1
1
1
1
1
1
1
1
1
1
9
1
10
1
1
1
1
1
1
1
1
1
25
224
1
1
2
2
1
1
5
7
25
26
1
1
26
19
9
1
15
1
6
3
2
15
3
18
1
1
1
1
1
1
1
1
1
1
5
80
1
1
27
95
20
130
1
1
13
17
858
81
1
1
5
20
3
3
2
9
1
1
1
1
7
2
3
16
2
13
2
1
23
1
1
1
5
18
1
2
3
2
2
3
1
1
17
10
11
3
20
2
1
1
1
1
1
1
1
23
1
1
78
28
5
6
15
8
1
2
1
12
3
2
3
2
14
18
1
1
15
38
2
63
1
1
989
97
1
1
1
1
9
2
1
1
11
1
8
24
6
3
4
37
1
1
143
7
7
55
1
1
1
1
1
21
2
3
1
11
3
2
12
4
10
2
2
181
1
1
2
12
19
35
1
1
1
1
2
1
3
2
2
2
1
1
1
1
5
2
1356
133
4
2
1
1
5
1
12
64
226
7
12
2
1
16
3
4
1
1
2
15
10
2
2
9
1
1
17
20
1
1
1
2
2
1
1
1
10
1
1
1
3
14
1
1
8
2
34
153
9
1
1
1
3
63
1
1
19
46
15
76
1
1
400
61
9
1
22
1
2
18
1
1
1
1
1
1
1
1
31
217
3
2
22
94
1
1
33
251
14
8
7
18
66
2
17
17
13
4
13
2
1
1
3
2
18
35
10
4
2
1
3
3
2
1
1
1
5
36
1
1
2
123
1
1
2
1
1
1
107
231
15
3
8
10
22
1
1
1
104
224
2
98
1
1
40
12
2
8
1
1
2
28
1
1
7
1690
1
1
1
1
1
1
1
1
2
66
1
1
3
1
1
1
3
19
1
4
2
18
24
84
4
6
24
2
1
1
3
2
1
1
2
5
58
11
2
2
6
2
14
20
43
425
1
1
2
2
4
2
9
5
2
1
1
40
2
4
5
1
4
2
2
2
13
139
102
1224
1
2
11
8
2
39
5
51
1
1
1
34
3
3
1
3
1
1
6
1
5
2
3
216
1
1
2
1
18
66
1
1
1
1
2
1
1
1
1
1
18
3
1
1
1
19
1
1
3
5
5
110
8
618
2
2
1
1
5
1
1
1
1
1
1
53
2
5
4
5
15
3
38
289
9
3
1
1
1
1
1
1
2
5
2
8
2
40
3
2
1
1
15
1
47
148
2
10
1
1
26
177
10
2
24
16
5
1
2
5
1
1
1
1
4
7
2
1
11
2
1
1
2
1
3
2
1
1
1
1
1
1
10
2
3
18
2
2
2
2
2
12
1
1
2
1
1
1
2
40
1
1
1
1
14
13
9
1
218
3
10
351
3
62
28
3
1
15
2
132
2
104
23
1
5
3
1
1
451
7
1
1
1
1
23
1
1
1
3
9
1
1
2
2
1
1
1
1
31
2
16
29
1
1
13
3
1
1
2
40
17
24
1
13
1
1
3
4
2
14
1
1
4
1
27
114
1
1
1
1
2
1
1
1
1
1
1
1
2
8
5
4
5
1
8
3
40
323
24
163
1
14
1
1
12
141
1
1
5
5
1
1
2
26
1
1
7
1
2
1
2
1
5
1
1
1
4
2
15
14
2
1
14
40
1
1
1
1
1
1
49
230
13
1742
1
1
2
3
2
1
9
36
2
18
1
1
5
1
2
17
1
1
2
3
1
1
2
2
1
4
73
23
1
1
25
62
2
6
2
3
2
41
2
9
27
45
19
35
2
9
31
8
268
18
2
1
1
1
3
73
1
8
2
29
1
1
28
185
2
2
1
1
1
1
2
2
2
1
1
1
1
16
21
105
15
3
1
1
18
27
1
7
4
6
1
1
1
1
1
1
1
1
2161
616
1
1
1
1
7
1
2
9
1
1
19
54
1
1
1
2
1
40
2
11
4
3
1
1
2
4
1
1
4
2
1
1
2
2
1
1
1
1
34
236
1
1
1
1
1
1
1
3
377
20
1
1
33
178
11
3
2
14
1
2
15
2
2
51
8
20
1
1
5
31
6
2
9
23
2
1
1
1
2
12
15
2
3
68
1
1
1
1
1
1
1
1
13
24
1
1
9
2
1
1
1
2
1
1
1
1
2
1
1
1
11
33
3
2
5
4
23
1
3
2
19
42
1
1
1
2
1
6
2
9
1
1
2
1
5
2
1
1
1
1
1
1
1
1
23
1
2
2
1
1
2
24
2
1
13
8
2
3
9
1
1
1
2
1
17
126
1
1
1
1
1
2
14
1
2
28
2
5
1
1
1
1
1
1
2
2
1
1
1
6
2
18
22
29
21
32
1
1
2
2
2
4
1
1
6
1
1
1
16
6
1
1
2
2
2
1
2
2
2
4
1
37
1
2
1
1
3
57
1
1
1
1
3
2
1
1
9
16
1
1
38
249
2
2
15
1
2
2
34
361
22
197
20
36
1
1
3
12
2
1
9
2
16
72
1
1
2
2
1
1
24
2
2
69
23
1
1
1
1
1
11
2
19
28
4
2
44
27
12
18
1
1
2
33
1
1
44
50
1
32
1
1
1
1
5
15
23
1733
2
1
6
2
1
1
36
310
3
1
24
2
3
55
14
3
57
313
1
1
2
3
1
28
1
1
1536
63
3
5
1
1
20
38
2
84
1
1
1
8
1
1
3
2
1
1
1
1
2
2
3
6
1
1
11
2
3
9
4
2
9
32
1
1
1
1
15
3
33
305
5
2
13
2
13
2
1
1
2
4
1
1
15
5
1
17
7
5
1
1
22
40
12
2
3
28
23
2
1
1
2
1
5
7
2
98
1
1
20
372
11
143
1
1
1
1
2
7
7
1
1
1
1
2
27
38
1
1
18
2
8
2
1
1
1857
967
1
16
1
1
1
2
19
232
1
1
1
1
3
2
3
1
19
143
2
7
1
1
1
1
2
45
2
1
1
26
19
211
1
1
3
85
1
1
2
3
34
308
1
1
34
8
3
4
1
9
2
4
1
1
1
1
1
1
2
15
18
14
1
1
3
3
2
2
18
17
7
1
1
1
2
10
2
1
7
1
1
1
1
8
2
2
2
1
1
3
7
1
16
18
22
1
26
404
19
41
2
2
40
12
2
34
1
1
23
74
1
1
1
1
2
56
1
1
1
1
126
31
22
1
1
25
15
33
1
1
1
4
20
215
2
2
2
1
2
7
3
2
602
312
2
16
19
150
27
101
1
1
27
182
3
87
2
84
1
1
9
2
2
4
8
9
1
1
1
4
8
9
1
1
1
1
10
2
2
2
2
1
1
1
2
39
1
1
2
9
4
57
4
7
8
12
1
1
10
6
1
1
1
1
3
3
2158
223
1
18
1
17
5
2
1
1
1
1
2
5
17
21
1
1
1
1
2
4
2
42
1
1
1
1
1
1
1
1
2
10
1
1
1
1
1
15
2
40
1
1
1
2
4
2
2
66
1
1
29
14
1
1
24
2
4
2
337
2
2
38
22
3
3
2
2
117
1
1
1
1
2
18
1
1
1
1
3
2
2
1
13
1
1
1
2
1
4
375
1
1
2
20
233
3
1
1
21
11
1
1
2
2
1
1
1
1
1
1
4
5
13
2
4
1
15
100
2
18
3
2
1
1
16
5
6
2
1
1
5
12
1
1
1
1
1
1
2
5
1
1
44
335
1
1
4
36
10
2
19
4
1
1
1
1
2
22
6
2
4
1
2
1
1
1
2
10
276
47
2
1
1
1
28
81
2159
243
42
587
1
1
1
1
2
60
8
9
2
12
1
1
4
10
1
1
1
1
1
1
1
1
11
11
2
2
14
15
1
1
2
9
1
1
1
1
2
2
9
1
1
1
12
10
8
1
2
8
2
1
24
2
15
1
2
6
1
7
1
1
2
7
5
6
1
4
1
1
25
25
576
18
2
3
4
16
1
1
14
49
122
779
1
1
1
1
2
1
18
17
1
26
13
5
2
43
2
1
1
2
1
1
21
1
9
7
1
1
1
13
2
51
1
1
1
1
3
2
1
1
2
2
11
2
8
1
1
1
2
2
2
6
9
1
1
2
1
1
45
4
1
1
10
12
20
54
9
1
2
25
1
1
33
361
1
2
23
212
1
53
7
1
16
71
13
1
5
1
22
24
23
1
1
1
1
1
1
1
1
1
15
18
1
15
7
1
1
1
5
1
6
2
27
270
23
36
1
1
1
6
1
1
2
2
17
4
3
368
1
1
12
764
1
1
19
31
1
16
2
1
1
1
2
18
1
1
1
1
1
1
2
18
1
1
1
1
2
9
2
2
1
1
2
4
2
2
2
14
3
4
12
17
1
1
1
1
1
1
9
1
1
1
1
1
1
1
2
1
10
4
2
10
5
1
1
1
2
19
1
1
8
5
2
5
1
1
1
1
2
1
1
1
2
1
1
1
1
1
1
1
1
1
10
61
10
1
17
18
7
2
1
1
13
115
1
1
9
1
15
9
2
1
14
17
6
73
1
1
29
10
1
17
2
2
22
169
24
2
1
1
16
65
2
1
30
97
2
40
1
1
1
1
1
1
17
1289
17
13
1
1
3
2
1
1
2
2
1
1
2
15
641
166
22
3
1
1
15
1
1
45
1
1
2
1
1
1
5
1
1
6
20
71
2
13
3
2
3
1
18
112
1
1
1
1
23
155
5
6
24
2
12
2
1
2
26
229
1
1
1
1
1
1
2
2
2
29
2
3
1
1
1
1
2
1
1
1
7
1
1
1
1
1
8
1
4
2
2
1
3
30
2
1
18
65
8
1
4
8
11
2
12
34
1
1
1
27
4
2
3
3
1
1
1
1
7
2
3
1
38
2
15
7
35
4
1
1
27
1823
2
82
1
1
2
2
1
1
6
2
16
13
1
1
3
2
2
4
8
1
1
1
1
1
14
28
1
1
1
1
26
47
3
2
24
96
1
1
7
1
2
21
19
2
1
1
1
1
4
2
1
1
1
1
1
1
1
1
1
1
2
5
4
1
2
35
10
6
2
2
2
7
1
2
1
1
1
1
1
1
1
1
1
1
2
14
5
5
3
3
3
8
15
40
1
1
10
2
15
291
1
1
12
18
13
1
35
231
8
5
8
1
1
1
1
1
1
3
1
1
1
36
1
1
1
1
19
25
3
2
2
2
1
1
1
1
1
1
23
244
5
13
4
10
1
1
17
21
6
1
1
1
13
29
1
1
2
14
2
22
1
1
1
1
19
2
19
21
47
367
4
2
1
1
2
14
7
938
1
1
1
1
1
15
1
1
2
13
10
2
2
5
13
30
2
10
1
1
1
1
2
22
2
1
2
2
1
1
1
1
1718
846
8
1
3
4
2
1
1
1
3
4
2
11
9
1
1
1
19
33
2
1
3
2
1
1
1
8
25
88
17
42
1
1
1
15
1
1
2
2
1
1
10
2
1
1
1
1
2
37
2
63
2
1
5
16
1
1
1
1
51
538
5
2
22
3
1
1
1
14
4
36
12
211
1
1
28
255
1
6
19
72
3
2
1
1
2
18
1
1
3
11
25
344
3
5
1
1
1
1
1
1
2
31
21
71
23
1
2
1
2
2
1
1
4
6
16
57
1
2
1
14
1
1
1
1
17
9
15
1
1
4
7
14
2
1
1
1
1
1
68
473
53
769
15
22
2
4
3
2
3
2
15
21
2
2
1
1
2
8
1
7
1
15
9
1
1
1
4
25
2
1
20
1
1
1
21
10
26
170
3
2
23
1
67
559
2
2
3
83
1
1
2
2
1
1
1
1
1728
96
78
4
1
1
1
6
1
1
1
1
1
1
1
1
1
1
1
1
1
1
2
38
17
89
1
1
34
4
2
13
2
15
1
1
24
2
1
1
17
65
1
20
1
1
1
1
1
1
1
2
1
1
22
1
2
62
1562
84
1
1
11
9
1
1
2
18
725
438
2
1
1
1
8
289
12
2
10
3
1
1
2
2
9
1
1
1
1
1
3
5
1
1
14
28
22
1
3
12
2
29
1
1
1
1
2
1
1
1
3
11
2
4
1
1
1
1
2
2
1
1
9
8
1
1
3
3
1
1
1
1
8
1623
10
2
16
9
1954
673
7
1
1
1
1
1
25
35
3
2
37
225
1
1
1
25
12
18
19
2
2
1
1
1
1
1
1
1
3
31
4
3
1
1
1
1
2
1
1
1
1
1
5
78
1
2
3
10
2
13
8
3
11
29
1
1
1
1
2
1
37
184
1
1
1
1
1
1
22
1
1
2
2
1
2
1
1
1
1
1
1
3
1
1
1
1
1
1
9
70
1
1
2
9
5
3
3
16
8
1
20
54
6
9
2
9
2
1
2
5
2
15
1
1
1
1
1
1
23
1
15
11
1
1
1
1
4
2
295
1414
1
1
1
1
1
1
2
18
1
1
2
15
1
15
1
1
2
2
1
1
1
1
6
23
1361
46
1
1
1
1
4
4
11
16
2
1
26
357
2
8
1
1
1
1
1
1
3
2
8
1
2
2
2
5
21
29
15
40
1
1
2
4
1
1
1
1
1
1
44
721
9
1
2
5
1
1
2
9
24
112
1
1
1
1
2
5
13
13
4
3
2
2
13
2
4
57
1
1
1
1
54
27
2
1
1
1
1
1
3
5
3
3
1
1
10
9
3
2
2
34
1
1
2
9
2
7
18
848
2
33
3
4
3
2
10
2
2
2
25
145
3
3
69
3
3
4
1
1
19
2
30
207
2
6
4
5
2
2
12
2
1
1
2
1
6
1
1
1
3
2
9
1
2
1
10
5
12
2
12
18
13
4
1
1
3
68
2
31
1
1
10
2
1
1
18
111
29
17
96
1010
6
3
41
216
28
370
2
30
1
1
1
1
1
1
2
2
1
1
1
1
2
49
1
2
1
1
1
1
230
14
1
9
2
1
1
1
2
9
1
1
1
1
1
1
1
8
7
1
10
13
1
1
2
7
1
1
2
17
7
1
9
2
17
21
8
91
11
1
1
1
8
1
3
28
2
12
1
1
3
2
1
1
3
51
14
15
2
21
1
1
2
1
1
1
1
1
1
35
2
1
17
190
2
55
2
35
3
2
1
1
56
94
3
2
2
59
1
1
12
2
24
30
21
2
1
1
2
22
2
1
5
108
18
29
925
99
1
1
1
1
6
1
9
1
1
1
10
19
8
5
2
1
22
1
1
2
1
1
2
11
53
419
5
1
1
1
23
36
1
1
17
20
1
9
1
2
1
1
1
1
1
11
1
1
2
3
11
2
2
1
1
1
1
1
1163
574
2
89
1
1
1
1
1
1
791
1172
13
52
1
1
1
1
21
1
1
1
1
1
21
1
22
1
2
4
1
1
23
46
1
1
1
1
15
2
1
1
3
12
11
2
23
1
1
1
1
1
1
1
22
118
9
65
1
6
3
2
13
4
3
2
17
1
1
1
1
1
5
1
23
3
1
1
1
1
3
2
2
3
3
3
4
2
2
2
3
2
17
32
1
1
29
116
7
3
5
2
1
6
1
1
22
45
1
10
12
15
7
1
50
3
4
10
1
1
1
1
24
2
1
1
24
94
17
2
1
1
9
5
1
1
4
2
53
4
1
1
27
70
2
6
5
1
2
20
3
2
1
7
1
1
1
1
17
10
215
16
2
9
1
2
21
84
2
3
1
1
1
1
1689
197
1
6
2
2
2
1
1
1
12
1
2
4
1
6
17
2
21
1
1
1
1
1
12
485
1
1
1
1
14
811
9
1
658
518
1
1
2
15
5
31
2
8
26
106
7
6
6
2
2
23
1
15
1
1
26
140
1
22
1
1
1
1
9
1
3
11
15
27
3
18
1
1
3
2
11
45
3
5
2
4
2
1
21
3
2201
252
9
1
2
1
2
9
14
207
1
1
22
33
12
2
1799
274
1
1
50
10
1
1
2
1
2
16
477
88
16
86
2
8
1
1
8
44
2
7
1
1
4
35
1
6
12
2
1
1
1
1
14
27
2
4
1
1
1
1
1
1
2
12
2
1
7
1
1
1
2
15
1
3
2
1
3
15
5
3
1
1
2
2
14
36
1
1
16
26
1
1
7
1
5
2
1
1
1
1
17
11
2
53
2
132
1
1
4
3
1
1
1
1
2
4
2
8
1
1
2
181
15
2
81
610
7
2
3
74
7
6
2
6
48
321
2
5
2
2
4
24
1
1
8
1
1
1
74
3
1
1
1
1
9
11
5
1
3
2
50
117
1
1
15
1
2
44
2
132
13
8
2
14
1
1
1
1
83
6
1
1
3
33
2
5
1
1
2
1
1
2
1
1
2
3
1
1
1
1
1
1
3
2
457
14
165
47
1
1
1028
94
2
5
4
2
25
73
16
157
6
1
9
1
3
3
16
32
1
1
2
6
1
1
1
1
1
1
2
15
10
2
1
1
2
5
25
154
19
647
1
1
1
1
7
1
39
216
2
5
31
193
3
4
1
1
2
6
1
1
1
1
9
230
1
1
19
32
1
1
1
1
1
1
1
1
1
1
7
127
2
22
22
1
4
3
3
1
1
1
17
3
2
1
2
1
3
11
19
1
13
1
1
1
3
3
63
1248
4
10
297
12
2
2
2
1
1
2
1
1
1
1
1
1
1
1
4
2
62
2
1
1
17
3
1
1
1
1
9
1
1
1
1
11
1
1
1
1
2
28
22
2
15
1
2
2
7
3
1
1
1
1
10
2
1
1
1
1
1
8
1
1
698
16
1
1
20
27
1
1
1
1
3
1
1
1
4
4
1
1
3
2
1
1
44
375
12
433
1
1
1
1
4
1
2
2
1
1
40
2
3
4
1
1
2
2
7
2
1
1
6
1
1
1
1
1
1
19
1
6
1
2
7
2
1
1
3
4
2
2
1
1
1
1
7
1
23
1
1
1
24
2
4
1
2
1
15
1
5
1
9
1
1
1
2
1
2
9
19
11
1
1
2
2
3
14
1
1
16
16
2
2
1
6
1
1
1
1
1
1
4
2
1
1
4
78
16
29
1
1
2
11
1
1
24
2
2
2
24
25
1
1
1
1
1
1
4
190
2
8
1
1
1
1
2
8
1
1
10
78
1
1
4
29
13
50
4
2
9
1
14
3
9
1
3
50
27
75
1
1
1
1
1
1
1
6
1
1
16
69
1
16
1
1
4
13
1
1
3
2
2
1
1
18
4
2
2
64
1
1
1
1
1
1
12
30
1
1
1
1
2
1
219
37
2
5
1
2
4
2
2
4
17
30
1
1
1
25
17
44
1
1
4
1
1
1
1
1
21
15
1
1
1
1
1
1
4
8
1
10
2
1
3
14
1
1
1
1
2
13
12
2
9
3
1
1
1
1
31
214
1
1
2
12
2
13
4
1
2
2
3
2
2
3
2
28
77
577
2
18
2
11
1
1
1
1
1
1
28
205
1
2
1
1
1
1
10
36
2
4
39
687
1
6
5
8
1
1
1
1
23
1
1
3
19
1
46
5
1
1
5
2
24
2
1
2
9
11
1
1
1
1
1
1
1
1
1
1
1
6
2
2
1
1
1754
242
5
2
2
22
2
8
10
1
5
22
26
239
9
1
1
1
34
545
1
1
1
1
1
6
1
1
9
1
3
60
1
38
1
1
1
1
1
1
34
335
1
1
1
1
4
2
7
1
1
1
1
19
1
1
133
15
4
2
1
25
1
1
1
1
1
1
1
1
90
42
1
1
2
1
1
1
8
9
2
14
15
111
7
2
40
10
1
2
1
1
1
1
19
1
1
1
1827
674
1
6
2
3
9
3
2
1
2
10
5
2
8
25
1
4
1
1
53
688
33
944
1
1
1
1
2
1
3
2
2
8
1
1
12
26
1
1
1
1
2
1
2
2
1
15
1
1
7
9
1
1
5
78
2
259
1
1
17
3
7
1
9
1
2
13
7
1
3
2
1
1
1
14
1
1
1
1
1
1
2
1
1
1
18
16
1
1
2
1
2
23
2
2
2
2
1
2
2
3
1
1
3
44
1
1
1
1
2
4
2
2
8
2
4
242
1
1
2
1
2
2
23
1
21
55
12
1
3
64
1
1
11
17
1
8
2
16
1
2
1
3
140
2173
1
1
1
1
1
1
1
1
1
1
14
18
6
2
5
1
1
1
24
2
21
61
1
1
2
66
1
1
1
1
29
485
24
2
21
2
1
2
15
18
1
1
1
1
5
1
1
10
8
41
4
10
1
1
2
46
1931
1269
24
104
14
27
1
1
1
1
1
12
1
1
4
2
77
5
13
16
1
1
2
68
1
1
1
1
13
22
1
18
8
16
2
1
24
8
2
31
4
2
1
1
4
62
2
1
33
366
11
14
1
1
9
37
9
2
1
1
1
1
1
1
5
32
5
1
1
1
1
1
2
1
7
1
1
1
4
2
2
10
1
1
2
2
6
4
8
6
15
24
14
2
3
3
3
18
1
1
845
8
2
9
1
1
9
1
7
1
22
109
1
1
22
1
1
1
13
2
1
1
2
12
6
4
1
1
11
12
23
281
2
5
1
1
3
63
1
1
1
1
32
45
1
1
1
1
2
26
1
1
2
15
1
1
1
1
1501
1573
47
364
18
55
4
2
1
1
4
2
1
1
14
43
2
1
3
3
18
270
15
61
4
3
2
2
3
2
18
14
1
1
1
1
1
1
1
1
2
1
6
23
1
1
25
3
17
14
67
2
1
23
1
1
226
25
1
1
2
1
32
270
1
1
12
2
3
1
5
4
2
1
1
1
1
1
4
2
1
1
1
1
1
1
16
41
2
2
2
7
1
1
1
1
1
1
1
4
4
2
1
1
1
6
1
1
1
1
17
557
1
1
1
1
24
2
1
1
1
2
5
2
11
2
1
1
21
2
3
2
1
1
1
35
2
4
3
4
2
45
1
1
7
1
11
7
189
21
1
8
6
1
1
1
11
22
1
18
3
57
1
1
3
478
10
14
7
1
1
1
7
2
11
2
7
1
3
63
2
1
2
3
1
1
3
2
4
41
9
2
17
2
1
1
2
1
19
1
1
1
1
1
1
1
1
1
2
1
15
96
1
1
1
1
2
51
1
2
2
1
6
1
3
5
64
19
8
1
30
1801
53
681
2
47
1
1
6
1
2
17
1
1
1
1
1
1
1
1
11
11
1
1
4
2
13
18
21
1
1
1
1
1
2
12
2
31
1
1
1
1
1469
101
1
1
26
235
11
2
16
14
1
1
1
1
6
322
1498
570
1
1
1
1
9
6
1
1
9
1
1
1
3
2
16
2
1
1
1
1
1
6
1
1
2
6
7
5
3
2
5
2
17
19
1
1
1
34
1
1
2
51
45
2
10
3
1
1
4
4
80
1037
1
1
1
46
2
23
47
1353
2
10
25
503
1
1
1
1
27
240
13
3
9
1
2
1
2
1
1
1
19
14
24
2
1
1
10
11
16
8
1832
511
19
40
1
18
5
1
1
1
1
1
1
53
2
7
8
18
8
2
1
22
1
1
1
1
2
7
2
2
19
78
2
2
2
56
1
1
4
3
2
22
7
1
3
2
3
1
1
1
9
14
1
1
3
10
1
1
2
1
1
1
10
2
27
125
2
1
1
1
12
651
1
1
14
2
6
3
1
1
2
23
10
2
1
1
10
17
2
21
1
1
8
2
1
1
40
98
2
1
1
1
1
1
8
1
99
17
1
1
1
1
8
9
2
4
1
1
1
1
1
1
1
1
2
1
1
1
1
1
3
2
1
1
2
24
22
148
89
73
1
1
1
1
1
1
3
2
5
1
7
2
1
1
1
1
1
1
1
1
5
13
1
1
1
1
1
19
1492
499
32
197
98
1002
1
1
20
18
12
2
4
5
2
2
21
1
104
192
3
20
3
2
2
12
9
1
5
2
1
1
1
1
10
3
17
2
3
2
2
7
1
1
3
4
7
1
856
34
4
2
24
114
1
1
17
56
1
2
1
2
14
35
1
1
10
15
1
4
17
11
1
1
1
1
2
1
4
3
1
1
1
3
23
49
11
66
1
1
1
1
7
1
33
521
12
109
1
1
1
1
1
1
6
55
1
1
1
1
1
1
1
1
1
1
8
34
1
1
1
1
1
1
1
1
2
70
2
17
1
1
3
2
1
1
2
106
1
1
16
2
1
1
1
1
3
2
3
3
1
1
1
15
1
1
1
1
1
21
1
1
3
1
926
113
1
1
2
2
5
1
1
1
3
11
1
1
1
1
1
1
2
6
1
1
1
1
1
1
1
1
1
38
1
1
1
1
1
1
9
1
87
33
6
2
1
1
1
3
3
2
11
185
1
2
1
1
742
9
1
1
1
1
1
1
21
126
2
7
4
2
1
1
1
1
6
2
3
2
1
1
1
1
2
49
2
19
2
2
1
1
1
1
1
1
19
2
2
6
1166
410
17
98
24
158
2
2
2
2
2
1
1
1
15
8
2
1
1
1
4
536
105
395
1
12
1
1
1
1
1
1
1
1
22
21
1
1
1
16
12
8
5
1
1
1
17
29
1
2
8
1
20
5
1
1
2
2
1
1
1
1
25
47
7
10
5
70
1
1
2
2
3
2
27
117
21
3
7
2
1
1
1
1
1
1
2
4
3
163
1
1
32
96
2
7
1
1
4
2
17
2
75
12
8
3
1
1
1
1
1
1
23
3
2
69
18
45
1
1
5
1
2
2
11
29
2
2
23
31
1
29
1
1
14
13
1
1
3
11
1
1
5
3
1
1
2
13
1
1
2
9
21
543
16
18
79
13
4
2
2
2
30
121
3
3
3
32
3
2
22
4
16
49
21
111
2
14
11
1
17
139
20
2
9
9
1
15
2
1
2
68
2
1
18
39
2
13
2
1
2
74
1
1
456
123
1
1
22
197
12
22
2
2
1
1
1
1
17
2
1
1
18
45
9
1
2
1
11
2
1
1
1
1
1
1
4
3
2
82
13
2
10
1
1
1
1
2
1
1
2
1
7
1
1
2
1
1
1
59
1
1
4
2
1660
140
11
1499
9
3
1
1
2
1
2
4
1
1
1
1
3
34
1
1
2
8
1
1
1
1
7
1
1
2
1
1
1
1
2
1
2
18
111
37
1
1
1
1
20
43
64
4
1
1
1
1
8
2
1
1
21
214
16
29
1
1
8
1
1
1
1
1
2
2
1
1
1
1
1
1
20
69
16
2
2
5
1
1
3
19
1
1
5
2
3
2
2
5
8
2
132
32
2
66
1
1
1
1
24
2
3
49
10
43
4
43
13
1
1
1
756
156
1
1
2
1
3
2
1
1
1
1
3
42
1
1
47
1737
1
36
2
2
1
1
3
7
3
11
3
1
2
1
12
18
1
30
22
3
2
2
1
1
6
55
13
1
1
6
1
1
40
431
1
18
1
1
2
7
2
1
1
1
2
98
4
2
1
1
10
2
856
21
1944
126
24
2
1
1
2
2
1
1
1
1
2
1
19
21
2
15
1
1
1
1
1
1
54
99
2
4
1
1
2
2
1
1
7
4
1
1
59
33
2
13
5
3
14
1
8
1
1
1
2
130
8
659
1
1
2
4
162
4
1
1
1
2
1
1
1
1
1
1
1
6
6
1
21
1
20
23
13
4
2
3
1
1
1
1
6
1
1
1
1
1
2
4
22
109
2
13
1
1
13
21
1
6
51
1115
2
1
11
2
1
1
2
8
1
1
22
1
1
1
8
13
3
2
1
1
36
229
1
1
1
6
2
1
1
1
1
1
5
1
1
1
8
1
1
1
1
1
17
5
2
10
1
1
2
1
1
1
1
1
1
17
18
191
13
26
2
4
21
2
1
1
1
1
1477
160
1
1
9
6
1
1
1
1
5
19
2
1
1
1
11
22
1
1
1
1
2
1
3
50
1
1
1
1
1701
138
1
1
1
1
1
1
4
3
15
94
3
17
1
1
15
1
21
153
1
1
1282
903
466
27
1
1
1
1
2
6
2
98
2
87
26
123
1
1
1
1
1
1
9
1
266
2116
12
2
3
15
18
48
5
3
5
2
3
3
1
1
2
44
2
1
1
1
1
1
1
1
10
2
1
11
36
2
2
20
8
22
1
1
245
7
1
1
33
228
2
2
1
1
22
1
2
2
113
13
1
1
4
2
2
66
1
1
1
1
1
1
1
16
1
1
1
1
155
17
3
12
4
2
3
2
1
18
1
1
1
1
14
4
2
56
6
14
1
11
1
1
67
7
2
6
1
1
3
2
2
4
8
2
1
1
2
9
5
1
1
1
1
1
1
7
7
1
1
1
580
36
3
2
2
29
24
2
1
6
1
1
2
12
1
1
8
1
1
1
1
1
1
1
1
1
32
649
1
1
3
3
2
14
5
2
2
9
1
1
9
5
2
2
1
1
6
6
1
1
7
1
2
2
1
1
1
11
13
3
2
4
1
1
4
37
1
1
1
1
2
3
2
1
2
2
7
1
22
1
1
1
3
4
2
69
1
1
1
1
15
16
1
1
2
33
1
1
38
275
15
1
1
1
1
1
1
1
1
16
19
41
1
1
18
36
443
97
1
1
2
2
21
88
1
1
2
1
2
179
1
1
2
4
2
7
2
5
1
1
3
2
3
2
126
61
2
2
1
8
10
6
12
2
6
50
1
1
22
1
4
17
16
9
20
30
1
1
1
57
8
2
18
24
24
2
1
1
2
7
1
1
29
125
1
6
2
12
1
1
2
2
13
2
2
35
2
26
1
1
1
1
1
1
2
534
1
1
18
16
1
1
17
68
21
103
834
138
1
1
1
1
1
1
5
7
10
33
5
1
19
10
8
1
26
4
11
35
3
2
1
2
9
15
1
1
1
43
1
1
3
4
1
8
1
1
2
1
2
12
1
1
10
2
10
1
1
1
7
2
2
53
1
1
1
1
1
1
1
1
1
3
1
1
1
1
1
3
1
1
2
47
1
1
2
9
6
2
3
8
2
3
1
1
1
1
1
1
6
26
1
1
1
1
1
2
43
344
1
1
16
95
15
2
1
1
1
1
2
12
12
2
8
1
2
42
18
2
3
2
1
25
5
1
1
1
2
82
1
1
6
3
1
1
6
2
9
6
8
9
3
2
1
1
1
2
3
48
1
1
38
62
1
38
1
1
1
1
1
1
15
1
21
1
1
1
1
1
1
1
1
1
2
2
1
1
1
1
7
1
1
1
1
46
33
443
29
96
18
94
2
1
2
8
10
1
1
1
17
9
3
12
8
1
6
1
6
14
1
1
3
2
1
1
1
1
7
1
3
4
2
33
483
27
1
1
37
1557
1
1
10
13
2
1
1
1
2
33
22
1
1
1
1
6
1
1
2
12
1
1
2
12
1
1
44
2101
28
242
4
46
1
1
1
2
19
64
2
8
1
1
8
1
1
1
1
1
7
1
17
2
12
2
1
10
1
1
3
1
403
8
11
24
1
1
1
1
1
1
1
1
7
1
1
1
1
1
16
71
1
1
1
1
2
8
16
11
24
3
1
1
1
1
133
796
5
2
1
1
2
9
1
1
23
1
1
1
2
181
7
1
2
2
1
1
88
19
9
1
1
1
1
1
1
1
8
54
15
22
42
293
1
1
1
1
2
18
150
29
37
21
1
3
2
6
1
1
1
1
22
23
1
1
1
1
13
27
17
6
1
1
2
5
1
1
1
1
2
2
1
1
3
5
1
1
1
1
11
2
10
2
2
9
1
1
2
31
16
14
2
2
20
285
3
2
1
1
10
18
20
29
5
3
885
86
20
60
3
7
2
18
1
1
1
1
1
1
10
2
1
1
2
2
1
1
1
1
24
23
6
7
2
2
1778
248
1
1
5
19
1
1
22
28
57
120
1
1
1
1
2
13
2
11
2
7
1
1
1
1
1
1
1
1
1
4
1074
243
3
2
1
1
1
1
20
84
1
1
1
31
1
1
1
1
3
7
2
1
1
1
6
1
17
17
23
1
22
34
2
2
1
1
1
23
1
1
2
13
3
10
23
17
1
1
1
1
4
2
1
1
105
991
28
93
1
25
1
1
4
12
9
1
15
3
1
1
1
1
2
10
1
1
2
2
8
4
2
2
17
15
97
1978
1
1
3
268
1
1
3
2
24
39
4
2
1
1
1
1
3
50
1
1
1
1
15
14
1
1
2
2
28
66
2
5
6
3
2
9
2
1
1
1
2
2
1
14
4
2
2
166
1
6
1
1
2
1
1
1
3
12
13
3
6
4
1
1
22
28
6
1
1
1
1
1
3
2
15
16
2
3
22
8
4
11
10
2
18
47
1
1
8
2
17
19
2
1
15
3
225
17
2
1
2
18
1
1
1
1
1
1
2
5
1
1
1
1
1
1
2
19
11
300
2
1
19
122
1
1
2
1
2
1
1
1
1
1
2
2
2
45
1
1
8
1
2
13
15
15
2
1
1
1
2
1
10
3
20
44
23
7
3
21
20
41
1
1
4
263
970
8
8
2
1
2
3
2
1
1
15
2
1
1
20
1
1
1
4
2
16
67
1
1
2
2
205
79
22
1
1
1
1
1
15
24
4
3
5
4
1
1
24
2
2
2
1
1
2
21
1
1
14
3
7
1
2
2
2
6
2
2
9
543
1
1
1
1
3
674
2
22
2
1
1
1
2
16
3
3
1
1
1
1
1
1
705
24
1
1
1
1
1
4
24
19
906
58
78
2
1
1
1
1
16
4
1
10
20
195
1
1
2
1
2
14
17
247
26
9
34
261
1
1
3
8
10
2
2
2
1
1
2
39
10
92
1
45
10
2
4
26
19
78
1
1
9
12
25
64
2
25
1
2
9
47
15
41
1
1
2
5
9
2
2
64
2
4
1
1
43
415
14
14
16
2
1
1
32
478
32
635
1
25
1
1
13
3
2
2
9
14
1
1
1
2
1
1
1
1
192
1024
1
16
2
1
568
52
2
1
3
3
23
15
3
5
2
1
2
8
8
267
1
1
1
1
1
1
1
1
1
1
2
19
1
1
4
2
1
1
5
26
3
9
2
29
2
2
1
2
1
1
27
24
18
58
1
1
9
1
1
1
1
8
1
2
3
2
1
1
1
1
22
3
1
1
11
14
26
4
1
1
1
1
3
2
1
1
14
2
1
1
23
185
2
74
2
9
2
1
1
1
2
14
2
34
1
1
1
1
1
1
1
1
1
1
1
1
17
58
1
1
1
1
2
1
6
1
172
527
5
1
1
1
23
2
7
13
2
2
2
1
8
17
1
1
1
1
6
639
2
4
21
1066
3
2
1
1
2
68
259
799
1
15
10
2
3
2
1
1
1
1
1
1
2
6
4
57
5
5
1
1
5
1
16
15
25
142
1
1
1
1
1
1
6
15
6
2
1
18
1
8
2
1
12
11
1
1
72
479
15
2
1
1
4
2
5
23
82
732
1
1
2
1
30
164
1
1
1
1
1
1
1
1
10
3
3
2
1
2
5
7
1
1
1
1
1
1
1
1
1
1
3
2
1
1
1
1
11
4
18
48
20
80
1
1
16
4
839
9
3
2
2
278
1
16
12
2
2
2
1
1
1
1
1
9
1
1
1
2
2
66
1
1
1
1
1
1
1
1
1
1
1
22
1
1
2
2
34
2
1
1
1
1
7
1
7
1
5
1
2
2
6
1
1
1
3
3
1
1
1
1
2
2
1
1
1
1
17
23
9
2
9
1
1
1
1
1
1
1
1
19
3
21
2
34
2
1
1
1
2
1
1
1
16
3
2
15
1
48
1
46
22
15
6
3
12
117
1
1
1072
708
1
1
8
41
2
8
2
1
1
1
1
1
2
8
17
2
1
1
4
1
1
1
1
1
1
1
1
1
19
1
2
9
1
1
1
1
2
10
1
1
15
11
2
14
3
2
19
79
1
1
1
1
1
6
1
1
1
1
1
1
5
1
4
2
3
2
2
4
11
21
1
2
2
35
19
18
2
9
27
3
14
78
1
1
4
73
2
11
7
2
4
2
1
1
15
3
2
6
2
15
1
1
22
1
2
1
2
2
10
7
6
1
42
286
11
22
2
2
1
1
1
1
6
2
78
2
1
1
541
606
1
1
2
41
1
1
17
16
10
2
1
12
1
1
1
2
1
6
1
1
1
6
7
12
5
4
11
10
1
1
14
2
3
2
3
21
1
1
1
1
725
31
1
1
9
8
1
1
1
1
1
1
1
1
1
1
1
1
1
1
5
2
1
1
1
1
46
861
1
1
26
210
1
1
27
443
24
2
1
1
4
2
1
1
19
24
2
2
19
23
1
1
1
1
1
1
1
1
1
2
10
2
1
1
1
2
1
1
1
1
3
2
1
1
1
1
2
10
10
1
1
1
6
2
1
1
1
1
5
1
1
1
1
1
2
55
1
1
1
1
2
4
3
7
12
1
2
3
14
14
1
1
2
2
2
18
12
1
6
1
1
1
2
9
2
2
1
1
2
18
4
2
1
1
1
1
2
4
1
2
28
289
24
288
1
1
1
19
3
19
16
1576
53
338
1
1
2
78
1
1
13
2
21
1
14
4
1
1
3
2
2
9
4
2
1
1
2
19
1
1
1
1
3
2
1
1
2
2
8
14
1
1
1
1
2
9
4
2
13
30
14
17
1
1
5
2
27
149
1
1
1
1
5
2
1
1
3
1
2
2
20
74
1
3
14
145
7
4
2
6
30
222
2
6
2
1
1
1
1
24
3
3
1
1
284
17
18
94
2
1
1
1
1
1
10
1
10
11
1
1
2
1
1
1
2
5
1
1
2
1
1
1
11
65
13
3
14
195
1
1
1
1
31
507
4
7
55
27
16
92
2
6
746
13
3
2
1
1
2
1
12
3
3
2
11
21
13
22
2
1
4
145
2
4
1
1
1
1
7
1
1
1
1
1
8
1
2
17
1
1
1
1
23
1
5
12
2
2
23
1
2
7
2
18
1
8
2
1
1
1
1
1
4
8
1
1
2
2
1
1
24
92
1
1
2
13
2
2
87
21
19
1
13
11
1
1
1
1
3
4
2
7
29
1002
1
1
2
18
2
2
2
9
1
1
9
1
2
2
1
1
1
1
6
1
2
15
2
23
266
860
1
1
1
1
1
1
3
2
346
25
110
686
2
13
2
3
2
11
1
1
2
14
1
1
1
1
10
2
1
1
7
7
81
5
2
1
8
369
16
2
1
1
1
1
1
1
19
15
24
165
1
1
15
1
17
20
3
2
19
44
42
1406
2
50
1
1
1
1
22
1
1
1
7
1
1
6
10
1
2
1
1
1
2
7
1
1
1
1
1
1
1
1
8
40
3
2
20
27
5
8
714
46
1
1
3
69
15
36
2
3
1
1
2
1
22
108
1
1
1
1
23
1
1
1
1
14
15
8
4
1
17
3
1
1
2
12
3
2
2
12
3
111
1
1
2
9
10
1
4
263
1
1
7
1
1
1
2
1
2
1
36
183
2
12
1
1
6
1
2
34
1
1
1
1
1
1
4
2
15
50
1
1
2
18
2
2
2
5
1
1
1
4
70
4
1
1
105
680
1
8
1
1
2
4
1
1
15
12
1
1
1
1
34
383
19
67
3
2
2
5
4
959
19
29
3
12
1
1
2
8
1
1
1
1
1
1
6
1
1
1
22
146
12
3
17
26
4
13
1
1
19
29
1
2
9
1
1
1
1
1
2
2
20
536
1
1
2
2
1
1
9
1629
2
1
1
1
24
5
1
1
1
1
9
1
1
8
1
1
3
10
11
2
3
8
1
1
13
39
5
2
15
2
1
1
1
2
3
20
970
8
7
58
2
21
1
1
20
23
1
1
1
1
2
9
26
102
1
19
2
57
1
1
1
1
1
1
23
68
1
1
2
2
9
1
1
1
1
1
1
1
25
4
3
396
1
1
1
1
2
28
1
1
2
4
1
1
7
151
1
1
1
1
1
1
2
10
1
1
1
1
27
102
1
2
22
1
1
1
1
1
4
6
1
1
3
49
1
1
2
4
12
3
1
1
1
1
2
3
1
1
6
1
2
11
2
66
1
1
1
1
1
1
1
1
2
2
23
1
1
1
4
57
16
2
2
9
45
1426
2
2
1
1
7
5
261
1337
19
29
19
61
2
1
2
56
1
1
47
220
610
88
1
1
13
1
1
1
1
1
44
329
1
1
13
3
1
1
1
1
1
1
1
30
9
36
1
1
1
1
1
2
1
15
4
24
2
1
1
9
25
235
1
1
1
1
21
1
1
1
3
41
10
2
1
1
2
2
3
11
2
2
2
2
1
1
1
1
1
1
2
105
2
2
22
1
1
1
1
1
1
1
1
15
1
1
1
1
2
2
1
1
232
40
1
1
1
1
28
3
37
346
2
117
4
2
15
4
9
1
15
17
9
2
1
1
1
1
2
21
2
106
34
406
1
1
1
2
3
2
5
1
1839
64
10
13
1
6
1
1
2
2
17
2
2
19
1
1
6
55
8
3
2
10
7
8
1
1
1
1
2
21
1
1
1
2
6
1
4
2
1
1
5
1
1
1
1
1
1
1
25
947
2
17
49
3
5
2
2
2
1
1
1
1
2
2
8
2
150
29
1
1
5
49
180
1125
1
1
16
3
2
11
10
3
1
1
1
8
1
1
1
1
2
2
1
1
2
4
2
1
1
1
1
1
49
1978
1
1
17
74
2
4
3
2
2
1
8
1
2
2
1
1
1
1
9
1
7
1
401
1029
1
1
1
1
37
252
1
1
1
1
1
2
1
1
3
4
13
21
8
1
1
1
1
1
2
63
8
10
1
1
6
1
1
1
2
4
2
1
3
87
5
1
23
34
2
1
1
1
1
2
1
1
24
2
1
1
2
8
22
8
10
2
12
159
2
7
1
1
1
1
1
1
1
1
1
1
9
161
1
1
1766
1231
1
1
1
1
1
1
11
6
1
1
1
1
1
1
1
1
3
2
1
1
2
145
21
39
1
6
322
43
669
1672
1
8
1
1
2
2
20
39
2
7
5
2
1
1
1
1
1
1
2
8
44
1291
1
1
9
6
1
1
1
1
1
1
1
2
2
1
1
1
1
1
1
1
2
15
2
38
1
1
3
3
22
963
2
7
1
2
32
39
22
64
2
68
1
1
7
1
1
1
3
2
18
49
2
37
3
2
1
21
4
2
1
1
1
1
20
60
22
1
1
1
9
1
1
1
1
22
1
1
2
1
28
56
2
18
1
1
19
46
1
1
2
14
1
1
1
1
2
41
1
1
1
1
1
1
3
2
1
1
4
51
393
5
31
251
23
18
7
2
6
8
2
2
1
1
17
17
1
3
8
1
2
15
1
1
4
1
3
24
1
1
5
1
20
115
1
1
1
1
8
1
2
1
1383
378
3
2
8
11
1
1
22
64
2
3
1
2
15
33
1
1
98
24
2
1
1
1
1
1
66
742
1
1
7
4
1
1
1
1
5
2
1
1
1
11
1
1
1023
4
10
2
1
1
1
1
3
77
24
2
1
1
4
2
6
1
10
10
1
1
1
1
3
78
1
1
2
3
3
4
15
1
15
2
2
5
1
1
8
2
1
1
1
14
11
39
1
1
1
1
3
29
2
56
1
3
2
2
1
1
3
2
1
1
1
1
1372
132
5
3
26
203
13
9
13
2
1
1
5
2
6
1
1
1
1
15
1
8
1
1
1
1
3
2
2
1
1
1
19
18
1
1
14
8
1
1
13
40
5
22
1
1
2
18
1
1
11
1
3
3
22
1
2
211
3
5
1
1
13
16
2
5
1
1
7
1
10
6
78
4
22
1
2
4
23
61
4
13
22
1
8
440
9
63
4
26
33
137
4
4
18
52
1
1
1
13
2
1
1
1
9
1
24
2
1
1
1
1
18
268
1
1
1
1
1
1
4
2
1
1
17
42
8
81
1
1
1
1
8
1
1
1
1
1
1
1
1
1
5
1
9
1
18
265
1
1
1
1
1
15
13
1097
7
1
1
1
4
1
35
477
1
1
1
1
3
12
7
1
7
3
2
15
1
1
13
16
1
2
15
15
1
1
1
1
3
2
9
1
56
278
22
1
1
1
1
1
1
1
2
7
1
1
1399
153
1
1
2
15
1
1
13
1
3
2
15
2
2
1
63
7
1
1
1
1
1
1
5
19
1
1
24
2
28
290
2
2
1
1
1
8
2
18
5
1
1
10
11
2
1
1
2
9
1
1
1
1
22
108
1
1
1
1
665
26
1
1
3
63
2
2
2
2
1
1
31
387
1
13
1
1
1
1
2
1
2
9
1
1
1
1
1
1
5
39
37
257
6
1
2
1
3
1
1
1
20
6
2
1
1
1
2
22
40
12
2
1
49
546
1
1
2
18
2
1
2
1
9
5
1
1
3
2
1
1
1
1
1
1
1
39
4
199
1
1
1
1
7
773
1
1
1
1
2
2
22
1
1
1
3
4
3
19
1
1
1
1
1
1
22
1
1
6
46
1315
7
1
1
14
5
1
1
1
3
24
1
1
1
15
907
26
22
1
17
2
8
7
1875
155
10
2
1
1
13
10
1
30
1
1
1
18
14
12
24
10
1
1
3
2
1
1
13
5
9
5
21
1
6
1
1
1
1
1
1
1
9
11
20
541
4
6
18
5
56
53
15
26
1
1
1
1
11
2
2
10
2
1
4
2
1
1
1
6
19
46
1
1
2
2
5
2
9
1
1
1
2
1
1
1
2
17
1
29
16
23
14
3
1
1
1
1
3
21
14
60
1
1
14
24
1
1
3
163
1
1
25
2
1
2
1
1
64
638
1
1
1
1
4
4
2
2
1
1
1
1
18
87
4
64
1
1
1
1
1
1
1
1
3
2
2
38
2
2
8
4
1
1
3
14
1213
1918
1
1
6
2
23
65
1
1
2
25
1
1
1
1
1
1
1
1
2
1
2
16
3
2
1
1
7
28
2
7
3
2
2
7
22
113
1
1
8
3
1
6
7
3
26
89
2
1
1
14
1
9
12
17
5
1
1
1
1
1
1
1
3
2
25
99
2
3
2
9
1
1
1
1
2
3
2
64
1
1
1
1
11
14
19
253
1
1
6
16
22
21
2
4
1
15
1
1
1
1
1
1
12
18
2
113
10
2
2
10
24
101
1
1
14
26
1
1
21
1
1
1
1
1
12
12
3
2
1
1
1
1
97
277
1
1
1
1
1
1
1
1
2
51
6
23
1
1
1
1
1
1
2
1
1
1
1
1
1
1
24
2
2
1
1
1
44
274
3
2
1
1
16
14
1
1
2
1
1
1
91
637
1
11
1
1
2
38
1
1
1
1
1
34
17
2
2
2
1
1
1
1
17
3
6
4
1
1
3
3
1
1
2
9
8
1
5
1
1
1
1
1
7
8
1
1
10
10
1
1
393
5
1
1
23
2
1
1
2
12
23
1
21
162
2
18
1
2
22
38
2
38
42
198
1
1
14
24
9
1
1
1
1
1
24
2
46
314
20
37
1
15
19
2
3
4
4
2
22
39
1
15
5
1
1
13
19
281
7
2
1
1
1
1
12
2
1
1
7
1
2
2
1
3
1
1
3
3
13
8
1
1
1
1
11
17
1
1
3
2
4
2
1
1
1
1
1
2
1
39
20
37
1
2
1
1
2
19
45
1836
2
15
2
1
2
1
1
1
2
2
1
1
27
89
58
427
1
1
2
1
385
42
1
1
7
6
1
1
1
1
3
2
2
1
10
2
11
7
12
2
1
1
16
72
22
1
1
18
1
1
1
1
1
1
13
1
20
324
1
1
29
65
1
1
2
8
2
1
2
82
24
23
6
2
3
12
3
24
1
31
9
1
2
2
2
2
22
75
1
1
2
2
3
4
24
2
19
12
22
1
1
1
1
1
7
1
630
287
1
1
14
9
2
3
16
43
1
1
5
2
30
164
3
3
5
2
3
2
2
15
1
1
2
13
1
18
15
1
6
2
1
1
1
1
1
1
2
1
7
2
4
2
2
62
2
1
3
2
1
1
5
2
2
2
1
1
8
1
3
2
2
11
7
1
1
1
1
1
1
1
2
15
1
1
1
1
3
2
1
6
11
2
3
10
3
177
1
1
23
1
1
1
1
6
10
2
2
5
4
1
1
1
1
1
1
1
8
3
15
20
3
2
7
4
3
46
1
1
2
4
1
1
2
8
2
21
2
5
1
1
2
12
2
2
1
1
4
2
1
1
6
87
2
10
1
1
11
10
72
193
10
2
3
2
1
1
1
1
2
4
1
1
17
9
5
9
8
1
1
1
7
1
1
1
2
1
2
13
2
1
1
1
24
50
12
2
21
51
9
2
13
5
1
17
1
1
24
2
5
1
2
11
3
55
1
1
1
10
17
1
4
2
1
1
16
5
2
5
1
1
1
1
2
1
4
2
30
308
1
1
1
1
20
166
1
1
1
1
22
1
1
1
1
1
1
1
1
1
2
8
1
1
5
1
3
2
2
6
1
1
3
2
1
1
18
27
1
1
2
21
1
1
1
1
1
1
1501
1573
1
1
8
16
4
64
21
3
1
1
1
1
1
1
10
2
1
1
2
13
2
135
1
1
1
1
1
1
1
1
1
1
1
1
1
1
1
1
3
31
2
2
8
2
4
2
1
1
22
1
1
1
2
5
13
3
1
1
2
2
18
27
24
2
3
15
24
3
8
1
8
11
1
1
1
1
1
1
20
26
1
1
1
1
6
1
1
1
1
1
2
11
1
1
5
2
1
2
1
1
1
1
3
2
4
3
1
33
1
1
1
1
1
1
5
2
1
1
1
6
17
12
1
3
1
1
1
1
2
4
1
1
22
1
17
16
12
2
1
1
8
12
2
62
24
2
1
1
14
27
1
1
1
1
1
1
3
2
1
1
2
19
1
1
1
1
1
1
1
4
1
1
1
1
1
1
1
59
2
6
1
3
1
13
2
3
1
1
1
1
1
1
3
9
12
63
2
8
6
4
2
21
1
1
1
1
1
1
11
2
3
2
4
2
2
24
4
3
1
1
1
1
1
1
1
1
4
1
1
1
15
1
1
1
3
3
1
17
2
2
3
31
5
2
2
13
30
81
2
1
1
4
16
26
1
1
1
1
9
20
2
2
1
1
29
132
3
2
1
1
7
1
65
145
1
1
38
219
2
51
1
6
233
16
2
14
2
1
5
6
1
30
9
8
20
1
1
1
2
29
8
1
1
1
4
1
1
1
7
5
1
1
1
1
2
2
1
1
1
1
14
5
1
1
9
1
1
1
2
143
13
3
1
1
45
200
1
1
2
21
3
12
1
1
16
2
1
1
6
1
21
39
9
11
1
1
2
5
1164
9
1
1
1
1
3
2
6
73
1
1
1
1
17
2
2
9
1
1
8
22
21
4
2
14
6
42
1
1
3
12
33
296
2
2
2
1
23
1
1
1
2
2
14
2
3
10
5
1
2
2
17
29
1
1
50
494
1
13
24
2
3
2
3
2
4
2
3
2
22
3
9
1
1
1
5
1
1
1
1
1
1
1
1
19
1
1
2
1
16
4
38
465
90
139
15
80
36
342
2
134
3
2
9
1
9
1
18
28
1
2
17
21
13
65
13
18
1
1
1
1
29
159
1
4
2
35
2
1
1
1
1
1
1
1
1
1
1
1
1
1
22
242
1
3
7
355
7
2
3
2
2
2
1
1
1
1
1
1
1
1
23
1
15
78
1
1
16
2
29
2
1
1
2
31
1028
231
1
19
1
1
2
38
3
2
1
1
5
22
1
1
1354
255
1
1
10
2
1
1
1
1
22
1
1
1
2
18
2
2
502
1428
1
1
2
204
1
1
1
1
1
1
1
1
1
1
1
1
2
2
2
18
1
1
1
1
2
24
29
165
1
1
1
1
2
2
1
1
7
5
1
1
4
3
2
1
1
1
14
21
1
1
1
1
1
46
2
18
13
24
1
1
6
2
1
1
1
1
2
1
1
1
1
1
5
2
2
46
1
1
22
1
1
1
1
14
1
1
2
165
1
1
1
1
3
62
11
3
1
1
13
2
1
1
14
13
8
1
10
26
8
1
1
1
4
2
20
31
1
1
3
163
1
1
3
2
1
1
2
14
6
25
17
2
2
17
1
16
8
2
4
9
1
1
16
39
4
4
17
21
23
1
2
21
6
1
1
1
47
1975
2
64
32
209
1
1
13
15
10
854
2
23
5
3
1
1
2
1
820
28
1
1
2
9
1
1
32
165
1
1
20
207
1376
97
3
14
1
1
19
260
3
2
1
1
321
41
1
1
1
6
1
1
1
6
18
737
10
18
13
2
3
2
1
1
1
1
1
1
8
4
1
1
1
1
14
5
1
1
3
2
3
68
2
1
3
9
11
2
4
2
1
15
1
1
2
18
1
2
2
1
2
1
1
1
1
1
12
2
13
25
2
2
5
25
18
2
3
2
1
1
1
1
1
1
1
1
1
1
76
573
1
1
1
1
1
1
1
1
29
141
2
2
1
1
1
1
1718
358
1
1
2
21
2
30
4
2
7
1
2
1
21
103
1
1
8
36
1
1
10
7
13
24
1
1
1
1
2
1
7
5
1
1
2
31
1
48
2
1
1
1
1
1
1
1
1
1
7
2
1
1
14
8
1
1
13
5
2
41
1
1
2
1
1
1
1
1
14
13
1213
1918
1
1
1
1
16
16
1
1
1
1
24
2
30
86
1
1
5
2
1
1
22
1
2
18
2
2
17
41
1
1
1
1
1
1
1
2
62
449
2
18
1
1
1
1
1
1
2
2
28
1115
1
1
1
1
1
1
1
25
17
218
8
21
1
1
4
3
1
1
1
1
1
1
1
15
8
1
2
1
7
1
1
1
1
1
4
5
1
1
1
1
2
3
7
1
1
1
1
12
1
1
2
4
1
1
1
1
2
1
1
1
2
1
12
9
1
1
8
55
2
5
2
2
20
53
69
297
1
2
1
1
2
2
1
1
1
1
104
12
26
7
1
1
11
4
1
32
43
363
7
1
1
1
6
1
1
1
1
1
1361
46
3
2
1
1
2
1
1
1
1
1
3
3
40
8
3
2
17
4
2
9
8
3
1
1
1
1
1
1
22
272
4
2
9
95
1
1
1
1
16
114
19
33
1
1
17
34
1
14
2
2
1
1
3
13
15
4
10
3
1
1
2
14
1
2
3
4
2
23
1
1
1
1
8
3
6
2
2
1
3
2
1
1
8
17
1
1
35
426
2
18
16
65
1
1
2
2
1
1
2
17
1
1
1
1
1
1
11
8
28
43
33
27
1
1
2
39
2
1
1
1
13
662
18
33
1
1
1463
52
2
2
154
953
1
3
9
43
1
1
17
47
8
4
2
26
4
1
19
2
1
1
5
2
5
1
20
3
1
1
4
2
8
1
1
1
1
1
19
6
2
5
1
1
2
1
1
1
2
18
3
2
1
1
3
5
14
2
3
32
1
1
1
1
1
1
1
1
19
85
1
1
9
1
1
1
867
163
3
3
1
1
1693
392
2
3
1
2
2
2
1
1
1
1
1
1
8
1
1
1
1
1
1
1
23
107
2
67
1
1
1
1
18
19
3
2
5
6
1
1
376
21
1
1
2
1
2
2
2
12
2
2
1
1
1
1
1
1
4
1
2
2
19
87
1
1
2
14
5
2
1
1
1
1
11
2
2
2
6
28
6
2
9
1
1
1
14
10
7
15
14
22
10
45
1
1
1339
206
2
2
1
1
1
1
2
10
44
366
4
1
1
1
2
1
1
1
1
1
2
12
1
1
2
1
13
22
16
6
1
1
10
9
1
6
16
25
3
2
1
4
12
4
7
16
17
8
1
1
2
1
1
1
21
173
11
1
21
301
2
31
1
2
1
1
23
235
1
1
14
21
1
1
2
5
1
10
1
1
2
19
24
2
19
168
24
29
1
1
1
2
2
5
1
4
2
2
1
1
2
9
20
41
2
4
1
1
1
1
1
1
3
7
7
16
1
1
3
63
1
1
1
2
2
49
2
6
2
2
3
9
29
286
2
14
1
1
9
8
59
290
6
1
3
55
1
1
272
402
1
1
1
1
21
29
2
1
18
25
9
1
1
1
1
1
1
1
24
4
1
1
1
1
1
1
4
2
4
2
1
1
2
1
3
2
4
2
1
1
1
1
2
2
2
21
2
1
2
1
2
40
17
33
1
1
1
1
65
327
3
2
4
2
10
2
1
1
19
22
17
6
1
1
1
1
2
44
3
9
1
51
9
1
2
9
2
38
11
44
1
1
42
393
1
1
1
1
13
87
83
6
2
98
2
1
1
1
12
2
3
3
22
1
1
1
1
1
1
1
1
1
1
25
12
3
1
1
4
1
2
13
12
2
638
27
1
1
1
1
1
1
2
30
17
2
3
1
4
2
5
98
1
1
1
21
2
9
1
1
5
1232
1
1
1
1
1
20
1
1
1
1
2
2
3
3
7
9
2
8
2
2
3
2
1
1
1
1
2
12
1
15
4
2
2
2
5
37
1
1
1
1
15
1
1
9
1
1
1
1
1
1
227
32
1
1
1
1
12
6
1
2
1
1
8
4
1
1
10
8
17
2
2
2
1
1
2
12
1
1
10
1
1
1
1
1
2
2
1
1
19
55
1
1
1
1
1
1
1
1
1
1
1
1
2
1
1
1
1
18
2
6
24
2
2
2
6
1
3
13
1
1
1
1
1
1
1
1
18
170
1
1
1
1
14
20
1
2
1
2
1
1
2
2
1
43
9
1
2
53
1
1
33
2
256
1529
2
102
7
1
1
1
32
100
2
32
5
2
1
1
1
1
15
29
2
9
1
1
21
2
5
1
10
3
1
1
1
1
1
1
6
277
2
53
2210
326
3
1
8
1
2
2
26
167
1
1
1
2
1
1
2
8
15
2
23
109
18
7
2
3
2
74
24
2
1
1
25
33
2
15
1
1
2
23
2
18
13
2
2
9
15
142
1
1
2
2
1
1
1
1
2
9
10
2
16
41
12
2
22
1
2
1
1
1
7
1
4
1
1
1
2
9
2
3
10
3
3
2
2
80
29
91
21
39
22
1
9
1
1
1
1
1
2
38
8
16
31
2
9
1
1
1
25
186
2
2
1
1
13
4
3
5
2
2
10
1
4
2
1
1
22
1
14
7
2
28
2
18
1
1
27
56
2
25
1
1
8
2
2126
276
1
1
1
1
12
9
2
31
1
1
19
70
1
1
1
1
1
1
17
11
1
1
1
1
1
25
2
18
15
364
1
1
23
120
18
76
253
1458
1
1
1
1
1
1
2
18
1
1
7
1
3
3
6
2
24
68
1
1
14
10
13
30
1
1
1
1
1
1
1
1
1
1
1
1
2
9
1
1
3
2
3
4
1
1
1
1
2
1
8
1
2
1
5
3
1
1
9
1
24
264
1
29
10
2
2
1
2
26
1
1
2
7
2
3
3
5
1
1
2
5
1
1
2
3
1
1
14
2
13
22
1
1
12
3
2
5
2
12
2
2
6
2
1
1
1
1
1
1
1
1
7
30
7
1
22
1
1
1
10
2
1
1
2
11
3
8
9
3
7
875
6
123
5
1
1
1
1
1
1
1
5
1
3
1
8
3
7
2
1
1
2
13
7
1
2
6
2
19
27
34
1
1
1
6
1
6
1
1
13
48
1
1
323
5
2
5
2
3
1
1
4
2
1
1
2
46
2
1
12
2
23
106
23
46
2
2
1
1
32
92
1
1
1
1
1
1
15
3
58
395
17
18
62
386
1
1
1
1
1
1
2
2
7
2
1
1
8
41
1
1
1
1
3
1
1
1
2
8
5
1
1
3
1
1
1
2
24
46
20
66
16
2
1
1
14
44
1
1
1
1
22
1
2
10
19
2
2
1
1
11
1
1
1
1
31
2
9
1
52
2
8
1
1
1
1
1
1
1
19
60
4
2
100
10
4
2
1
1
1
1
1
25
1
1
1
1
9
17
36
42
1
1
1
2
1
53
4
199
1
1
10
121
1
1
7
2
15
1
1
16
2
15
1
1
1
1
10
1
1
1
1
1
1
1
13
41
2
4
1
1
3
2
4
3
864
67
1
1
11
6
22
143
1
1
2
3
3
2
10
3
1
1
1
1
2
1
7
1
4
2
1
1
1
11
1
10
1
14
1
38
1
1
2
12
1
1
1
1
1
1
9
2
1
1
7
2
1
1
2
1
1
1
2
3
24
215
14
7
2
6
18
972
3
30
2
39
1
6
2
9
6
3
1
1
1
1
3
50
1
1
2
2
18
415
19
371
2
1
6
1
4
2
16
74
2
31
1
1
17
108
11
17
1
1
1
1
16
163
1
1
2
1
2
1
1
1
1
1
1
1
1
1
8
2
2
3
1
1
38
22
1
1
10
2
1
32
1
1
21
1
1
6
43
282
1
1
13
24
8
12
19
25
2
8
4
1
2
64
1
1
3
2
1
6
1
1
2
13
51
22
10
3
19
47
22
1
1
1
1
1
35
2
2
37
2
18
1
1
1
1
21
2
13
38
1
1
1
1
1
1
2
3
1
1
1
1
26
185
2
8
1
11
3
2
1
1
1
2
65
451
1
1
1
1
1
1
1
1
1
1
36
22
1
1
3
43
3
2
1
1
1
48
5
1
12
6
12
168
1
8
1
1
11
982
1
1
5
1
1
1
3
48
1
6
1
1
1
1
14
8
1
1
2
1
1
1
1
3
9
1
1
14
21
1
1
1
16
11
28
1124
1
7
1
1
1
1
2
4
1
1
1
1
1
1
1
1
1
1
1
1
4
17
1
1
2
2
1
1
4
1
1
1
13
18
1
1
3
1
12
2
1
1
4
1
2
2
1
1
1
1
1
1
19
2
9
44
1
1
9
20
1
1
2
9
1734
686
2
45
20
3
1
1
4
2
1
1
1
2
2
7
4
1
6
8
10
1
8
1
1
1
15
1
1
1
2
2
4
5
1
1
1
1
22
348
3
2
5
3
1
1
1
1
2
31
1
1
24
2
35
166
1
1
1
1
2
1
1
1
2
17
12
2
2
4
1
1
1
1
1
1
1
1
1
1
1
6
2
68
2
14
1
1
7
4
1
1
1
1
1
1
26
2
20
24
2
1
1
1
1
1
78
965
1
1
1
1
25
88
19
2
5
6
18
27
3
37
3
1
1
1
2
2
1
1
2
2
33
173
13
17
1
2
3
58
1
1
1
1
1
2
783
12
2
1
2
143
16
65
3
32
1
1
2
1
1
1
1
1
18
83
2
13
1
1
3
3
1
1
1
6
2
2
1
1
2
19
2
3
2
46
1
1
2
20
3
2
1
1
8
12
2
2
1
1
1
1
1
2
11
9
2
15
2
1
1
1
2
14
300
93
342
27
2
55
1
1
2
16
1
1
1
17
1026
770
9
1
1
18
1
1
5
45
1
1
1
1
9
1
679
98
3
37
2
19
2
1
7
3
24
49
2
1
2
1
3
2
1
1
1
1
7
1
1
1
2
41
2
1
1
1
1
3
1
1
5
2
6
1730
1
1
1181
16
30
433
1
1
2
2
2
1
2
99
1
1
1
1
1
1
2
249
3
2
1
1
1
1
4
1
6
2
1
1
1
1
1
1
5
15
4
40
1
1
1
1
19
235
1
6
2
9
1
1
5
1
2
2
1
1
2
13
1
1
1
1
18
202
3
2
2
8
1
1
18
40
2
16
1
2
2
20
2
2
1
1
14
29
2
12
45
1373
1
1
1
1
10
2
9
1
2
1
1
1
27
170
1
1
2
2
62
413
2
1
4
5
2
1
4
2
1
1
1
1
1
1
30
53
1
1
1
1
1
18
1
1
1
1
2
2
18
113
22
71
1
1
2
1
1
11
1
1
45
13
2
50
4
2
2
17
2
16
1
25
2
1
1
1
7
1
2
3
2
5
2111
790
1
1
1
1
1
48
1
6
2
45
1
1
11
2
2
19
2
1
2
2
5
2
1
1
21
100
1
1
1
1
1
1
2
2
1
6
12
54
1
1
1
1
1
2
1
1
12
6
12
2
1
1
1
1
2
3
19
67
16
3
11
16
1
1
2
35
17
30
20
9
1
1
1
1
25
60
2
7
1
1
1
1
3
2
6
1
25
184
1
32
2
8
21
1
13
1
1
1
1
1
1
1
1
1
1
1
1
18
1
1
1
1
13
151
2
1
22
1
7
1
1
1
8
1
13
27
2
21
1
9
3
20
7
2
3
2
15
3
1065
18
2
19
644
463
40
261
2
45
1
1
2
1
8
1
1
1
1
2
1
1
2
9
1
1
3
2
1
1
1
1
1
1
1
1
1455
1516
1
1
1
1
1
1
1
1
1
1
1
1
2
9
1
15
1
1
22
1
18
2
1
1
10
2
14
9
3
2
14
9
4
3
1
1
19
94
1
1
2
15
1
1
1
1
1
1
3
63
1
1
19
4
5
1
1
1
19
2
8
90
13
1725
19
133
1
1
1
1
1
1
1
1
1
1
43
826
1
13
2
66
1
1
1
1
2
8
2
1
2
9
10
54
37
213
2
2
21
2
1
1
1
1
1
1
31
177
4
2
2
3
2
1
1
1
3
50
10
6
6
4
1
1
24
39
1
1
24
72
1
1
1
1
225
17
1
1
1
1
2
7
6
1
1
1
1
1
2
21
1
1
1
1
27
12
19
75
1
1
18
28
2
9
1
1
1
1
2
41
1
1
1
25
21
26
2
45
1467
126
1
17
1
1
22
233
1
1
1
1
2
12
1
1
3
21
1
1
1
4
1
3
3
74
4
24
2
6
2
2
1
1
3
1
1
1
1
1
6
1
2
21
3
63
1
1
1
53
1
1
23
1
1
1
1
1
7
19
1
21
1
2
2
18
6
16
2
33
1
1
2
1
2
3
25
80
4
5
1
1
2
2
4
29
1
1
17
4
1
1
1
1
1
1
1
1
7
2
6
41
14
24
2
63
1
1
2
8
1
1
1
1
3
79
11
44
2
2
1
1
45
686
23
1
1
1
1
1
22
1
3
2
11
3
1
1
2
9
1
1
6
2
22
25
1
1
1
1
10
2
1
1
2
8
8
16
6
4
23
1
3
123
30
87
1933
1251
4
2
2
10
1
1
7
1
7
2
1
2
1
1
3
11
2
84
1
1
2
5
2
3
2
2
1
1
17
2
122
14
1
1
2
6
3
25
2
10
1
1
2
48
1
1
1
15
9
15
19
52
1
1
1
1
1
1
2
13
1
1
537
31
1
1
24
2
2
5
1
1
1
1
13
3
23
1
1
1
3
2
1
2
3
8
8
1
2
2
20
183
13
1
1
1
1
1
27
154
1
1
1
1
2
5
5
46
6
2
1
1
22
1
1
4
2
6
21
360
1
6
5
3
22
1
2
7
23
113
1
1
8
37
2
1
2
1
22
126
2
2
1
1
4
1
45
147
2
1
1
1
1
1
2
53
3
14
2
3
2
8
1
1
10
17
2
21
18
122
1
1
462
13
3
2
14
134
1
1
2
1
4
2
8
1
1
1
14
12
1
1
1
1
7
1
2
164
19
15
1
1
11
2
3
2
3
2
9
1617
12
3
3
1
10
1
1
1
1
25
50
393
24
3
18
2
2
3
23
26
1
1
11
25
7
1
2
9
1
1
1
1
9
13
2
2
5
3
845
8
1
1
4
57
1
1
2
2
1
1
1
1
6
1
3
1
1
1
1
1
1
46
1
1
2
4
19
78
1
1
6
1
1
1
18
57
1
21
1
1
17
21
22
2
1
1
1
1
1
7
1
1
21
2
22
3
2
1
1757
42
1
6
1
1
9
9
2
13
24
2
15
100
2
10
35
324
1
1
2
1
1
1
1
2
5
2
1
2
1
1
5
2
1
16
2
9
2
2
1
6
3
2
30
172
1
1
1
1
1
1
1
6
7
2
6
4
647
184
1
1
1
1
5
3
11
2
1
42
2
28
13
1
3
1
1
1
1
1
1
1
1
1
2
1
13
2
1
1
5
3
16
34
14
2
1
6
17
100
1
1
23
56
17
2
1
2
2
135
10
10
2
26
1
1
1
1
1
2
138
1760
1
1
1
1
2
6
1
1
1
1
1
1
2
20
9
1
11
34
2
10
2
3
8
1
1
1
1
1
1
1
2
2
4
2
14
259
7
1
2
2
1
1
1
1
16
18
1871
1087
10
6
2
3
17
37
34
151
3
10
22
1
1
1
1
1
1
1
270
52
2
15
1
1
1
1
10
1
1
1
1
1
23
61
1
1
30
97
1
18
13
2
2
1
2
3
1
1
5
2
1
1
4
2
3
19
2
3
3
29
7
1
4
5
1
1
1
1
2
14
4
70
2
3
99
2320
1
1
3
19
1
1
1
18
250
4
1
1
1
16
1
1
3
15
1
1
15
1721
2
61
190
104
1
1
1
1
2
38
1
2
1
1
3
2
32
152
1
1
3
3
11
4
17
37
1
1
1
1
24
3
1
1
1
1
7
455
1
1
3
1
1
1
1
1
1
1
18
61
2
39
1
1
1
1
3
13
14
1
1
1
18
32
1
1
224
260
22
1
2
33
35
17
2
2
2
8
2
33
15
70
3
6
21
78
1
4
1
6
5
86
3
11
2
145
1
1
1
1
3
11
1
1
3
33
3
2
4
81
2
2
1
1
2
36
3
68
2
1
1
1
1
1
21
13
1
1
1
1
4
1
1
1
1
1
1
1
29
117
1
1
3
1
20
86
7
14
2
3
1
1
3
15
1
1
1
1
2
1
1
1
2
1
2
2
24
2
1
16
1
1
1
1
15
128
3
2
1
1
12
6
3
163
1
1
2
23
4
4
2
1
1
8
1
1
1
1
10
13
2
1
2
2
5
2
1
1
2
29
2
4
1
1
1
1
1
1
2
2
1
3
2
2
1
1
2
1
1
1
202
22
4
37
1
1
24
9
2
20
1
1
2
5
81
6
1
1
264
73
4
11
1
1
2
17
2
3
10
2
4
2
1
1
2
15
2
5
1
1
4
1
2
1
2
1
10
2
2
1
1
1
5
8
2
1
1
1
1
1
1
1
1
1
1
2
3
1
1
1
7
1
1
1
6
91
2
82
1
1
1
1
1
1
1
1
4
2
6
69
9
422
1
1
1
1
2
5
1
25
1
1
40
4
1
1
6
2
21
2
56
509
1
1
3
3
2
1
1
1
12
1
2
1
1
1
31
57
3
5
20
34
1
1
2
3
2
8
152
93
1
1
2
2
1
1
2
9
2
14
1
3
2
1
3
4
1
1
1
1
1
1
1
1
1
1
19
46
1
1
2
1
1
1
2
2
1
1
1
1
3
5
1
1
22
88
1
1
13
46
2
3
1
1
2
31
8
11
45
428
4
2
3
2
1
1
9
2
7
2
1
1
1
1
22
32
7
2
1
1
424
124
19
18
31
117
4
2
18
24
28
161
24
3
1
1
2
47
3
2
29
5
2
2
9
2
2
1
1
1
2
30
3
32
1
1
21
114
1
1
2
1
10
3
1
1
1
2
1
1
7
5
1
1
11
32
7
1
1137
5
57
36
1
1
1
1
2
2
9
1
19
34
2
35
1
1
2
120
2
1
20
32
37
11
1
1
35
162
8
1
1
1
1
1
29
137
1
1
7
1
2
1
1
14
46
612
1
1
2
8
1
1
74
31
17
118
23
3
24
70
21
1
17
2
1
1
3
38
1
1
24
2
20
109
1
1
18
4
3
2
1
1
6
1
1
4
1
1
1
13
1
1
18
520
1
6
1
1
4
2
16
19
2
1
1
1
12
14
10
1
8
1
1
1
17
5
4
2
1
1
2
21
2
38
2
2
754
1863
1
1
1
22
15
44
2
1
20
104
4
2
6
55
4
5
9
3
39
152
7
22
1
1
3
2
4
2
1
8
1
15
990
483
1
1
4
2
1
6
2
1
8
2
23
148
1
1
2
23
3
2
2
5
30
52
2
5
17
18
2
5
35
154
1
1
24
101
1
1
1
1
1
1
28
285
1
1
8
1
5
138
1
1
8
26
1
1
3
2
2
2
1
1
3
2
5
3
1
1
4
2
1
1
2
2
5
14
2
2
3
2
1
1
10
2
1
12
13
3
1
1
1
42
2
5
1
1
2
22
13
3
1
1
2
28
7
1
1
1
1
1
10
2
22
303
11
9
1
1
247
34
153
135
36
74
1
1
1
1
24
158
3
15
1
1
2
2
49
230
1
1
15
1
2
10
1
1
1
16
6
1
26
140
8
11
1
1
1
1
1
1
1
1
2
39
15
11
1
2
2
1
1
1
1
1
2
1
10
1
3
2
2
2
29
149
5
6
17
6
25
162
1
1
1
1
1
1
3
8
68
7
5
1
1
1
2
4
27
113
1
1
2
19
6
5
6
1
3
2
1
1
1
1
2
2
1
1
2
2
1
1
8
2
1
1
1
1
1
1
1
1
10
1
13
128
15
95
1
1
1
1
1
1
1
1
3
5
3
14
2
82
1
1
2
34
5
5
2
6
1
2
2
1
1
1
2
23
2
2
1
1
1
1
2
82
22
1
1
1
17
22
2
1
1
1
19
48
10
1
1
7
1
1
2
1
674
5
1
1
37
1817
26
149
1
1
1
1
2
8
1
1
1
1
3
2
27
213
1
1
2
1
3
37
86
3
644
60
1
1
8
5
1
1
2
6
1
1
15
9
3
2
1
1
2
15
11
25
4
44
2
1
1
1
8
1
1
1
7
142
7
1
14
1
4
3
4
1
1
1
12
1
13
2
1
6
8
2
3
3
1
2
3
4
2
3
1
1
1
1
3
12
10
2
1
1
1
1
1
1
17
39
3
6
14
2
1
1
2
1
1
1
1
1
72
43
1
1
2
7
3
2
1
1
27
271
1
8
3
2
15
11
2
5
1
8
1
1
17
2
2
9
18
3
5
2
1
1
1
1
1
1
2
74
1
1
1
1
1
30
2
111
1
1
1
1
16
9
16
37
1
1
1
1
1
1
1
22
19
42
23
1
1
1
1
1
2
2
1
1
15
1
2
2
1
1
4
25
2
1
6
1
1
1
4
3
2
12
1
1
3
18
1
1
1
1
21
1
9
2
1
1
1
1
14
2
1
1
1
1
1
1
1
1
2
2
1
1
3
2
1
1
1
1
1
1
2
4
3
2
22
1
2
11
1
1
1
1
1
23
1
1
22
59
1
1
1
1
1
1
1
1
1
1
1
1
22
1
1
27
1
1
1
1
22
2
34
233
10
2
1
1
1
1
1
1
1
1
2
7
1
4
1
2
1
1
2
20
2
12
1
1
1
1
1
1
1
1
2
2
1
6
2
18
1
1
20
752
4
2
1
1
2
1
4
2
1
1
1
14
1
1
2
18
1
1
1
1
16
48
1
1
11
2
1
1
9
395
1
1
4
27
1
1
1
1
1
1
1
1
3
79
1
1
1
8
2
2
1
1
756
61
1
8
3
48
23
259
16
154
48
73
9
4
1
1
15
1
1
1
20
31
1
1
1203
290
1
1
1
1
7
1
11
62
1
1
1
1
2
2
1
1
2
69
197
27
22
376
1
1
2
2
2
12
1
1
11
1
2
14
562
454
1
1
1
1
1
1
1
1
1
10
3
2
2
2
9
2
2
1
127
49
23
24
3
38
16
118
2
4
2
5
1
1
24
2
9
1
1944
135
1
1
1
1
1
1
5
2
1
1
1
6
1
1
238
40
4
2
1
1
2
6
1
1
5
2
1
1
1
1
1
1
1
1
1
1
4
2
1
1
2
84
1
1
2
1
1
1
1
1
2
77
2029
210
2
2
2
5
1
26
3
4
1
1
1
1
33
4
1
1
1
1
2
28
29
726
3
1
2
1
2
3
25
638
1
1
1
1
2
84
2
2
2
21
1
1
23
75
1
1
1
1
2
38
2
6
1
2
24
384
7
4
1
1
3
14
3
50
2
6
1
1
1
1
1
1
24
137
2
39
19
44
19
213
17
130
4
1
1
1
3
22
55
522
4
2
7
1
1
1
1
1
2
40
2
2
2
2
1
1
1
2
2
10
9
1
2
66
6
1
1
1
2
23
1
1
1
1
35
286
2
8
1
1
69
550
1
1
1
1
1
1
13
2
1
1
1
1
1
1
1
1
19
96
5
2
1
1
2
1
1
1
1
1
2
1
7
5
4
2
1
1
1
32
2
2
28
3
1
1
1
1
1
1
14
2
1
1
1
1
1
1
14
13
1
1
2
2
15
7
19
16
1
1
1
8
7
1
2
14
7
1
12
32
2
1
4
35
8
1
2
2
1
18
1
1
1
1
2
23
2
1
26
377
1
10
1
1
8
2
3
3
1
1
744
13
1
1
1
1
40
12
2
8
20
112
1
1
2
17
2
2
1
1
2
10
1
1
1
1
1
1
2
10
1
1
1
1
1
1
1
1
2
1
1
1
1
1
24
2
1
1
1
4
1
9
94
17
4
6
16
20
1
1
9
1
1
1
1
1
3
3
18
2
2
7
9
1
1
1
1
1
2
4
114
692
10
2
24
107
1
1
7
16
1
1
3
50
17
2
1
1
1
2
22
69
9
1
2
1
1
1
3
3
1
1
1
1
23
1
3
2
17
44
12
3
2
21
1
1
1
1
22
1
31
266
17
8
1
8
2
2
1
1
1
1
25
335
14
35
63
1310
2
7
2
1
1
1
1
1
5
4
7
545
1
1
3
2
20
58
1
1
3
2
6
1
4
2
1
1
18
2
19
200
4
41
25
126
1
1
1
1
1
1
1
1
2
1
1
1
2
5
7
1
1
1
3
2
37
281
12
2
9
1
2
2
1
1
1
2
1
1
1
1
7
1
1
6
1
1
1
1
16
64
1
1
2
56
1
1
10
2
1
1
1
1
1
1
1
1
2
39
6
1
1
1
1
1
15
37
86
605
15
67
1
1
1
1
960
57
1
1
13
22
2
21
1599
99
4
1
1
1
1
1
3
19
1
1
4
1
1
1
1
11
1
1
1
1
40
4
9
2
1
1
1
1
6
1
2
12
1
1
4
3
2
5
4
127
8
4
2
8
1
1
1
1
1
1
11
2
1
1
2
1
1
2
49
502
1
1
1
1
1
1
57
17
9
29
1
1
2
22
1
1
2
2
2
12
19
2
2
135
1
1
3
1
1
1
3
2
2
18
24
2
4
1
2
9
4
2
1
1
9
1
1
1
1
1
16
2
1
1
29
1183
1
1
22
1
1
2
1
1
4
5
2
2
29
258
2
2
3
43
1
1
1
1
10
3
1
24
1
1
10
1
2
1
2
6
7
6
46
381
9
1
1
1
2
9
9
3
1
1
24
27
18
23
1
1
1
1
2
16
12
104
27
133
1
1
1
1
1764
252
22
1
14
68
1
40
1
1
2
3
1
1
2
1
1
2
1
1
1
1
5
8
1
1
10
6
2
12
2
66
2
2
1
1
2
21
1
1
1
1
97
6
2
77
1
1
1
1
1
6
1668
1783
48
2
1
1
14
2
1
1
1
1
1
1
1
1
5
2
10
3
16
95
18
31
2
17
1
1
1
1
1
1
1
1
2
1
18
36
53
6
10
17
1
1
14
21
1
1
8
4
79
508
594
1588
84
270
42
6
4
3
11
2
2
3
10
6
1
1
25
2
22
140
2
1
1
1
2
5
1
1
13
665
1
1
1
1
2
15
2
12
4
2
1
4
1
1
1
1
1
5
6
75
1
1
6
1
2
9
7
213
2
40
2
11
11
7
5
4
19
21
7
1
1832
586
1
1
7
5
2
2
2
2
1
1
24
52
1
1
30
88
1
1
1
1
1
1
1
1
20
94
1
1
5
14
26
84
1694
578
1
1
16
10
23
1
2
13
1
1
1
1
1
1
25
219
3
27
2
45
11
2
2
7
2
10
9
1
15
22
1
15
2
1
3
10
6
5
1
1
3
29
20
2
2
2
79
507
6
7
1
1
2
26
2
6
2
2
1
1
13
11
17
2
1
1
1
1
3
12
1
1
1
2
2
1
1
1
6
75
2
7
1
4
14
11
1
1
14
28
2
5
2
28
1
1
9
11
1
1
1
1
2
14
1
1
1
1
1
1
12
13
1
1
331
47
1
1
2
15
18
1
4
46
1
1
3
2
1
1
21
543
13
7
1
1
17
15
1
14
1
4
2
77
1
1
1
1
1
1
3
2
1
1
1
1
2
4
4
51
1
1
13
3
2
2
2
5
12
3
10
3
1
1
1
4
21
66
9
43
1
38
1
1
1
1
2
4
1
1
10
2
3
3
1
1
1
1
4
2
43
681
2
21
2
8
2
112
6
48
1
1
5
66
2
8
1
2
738
377
1
1
1
1
8
16
1
1
7
44
1
1
1
1
1
1
2
45
1
1
3
3
2
7
2
3
5
5
1
1
10
15
10
2
31
121
1
1
1
1
5
3
2
1
1
1
1
1
3
69
1
1
1
1
1
1
1
1
1
1
6
2
1
1
2
45
2
14
1
1
1
1
1
1
1
1
2
15
1
1
1
1
49
1156
1
1
4
2
5
28
1
1
1
1
1
1
1
1
3
16
1
1
20
22
1
1
1
1
1
1
12
15
1
1
37
341
10
134
43
227
2
31
1
1
536
22
2
63
1
1
2
63
62
110
2
29
2
28
2
10
1
1
1
1
1
1
24
2
1
1
1
1
2
6
9
1
2
5
1
1
1
1
5
119
2
2
19
79
5
1
1
1
1
1
5
1
1
1
7
3
1
1
41
2
1
1
6
91
2
12
3
27
2
9
1
1
1
1
1
1
2
4
1
1
2
14
1
1
1
1
9
3
3
2
1
1
1
17
435
186
1
1
3
2
2
2
6
1
20
115
1
1
1
1
9
1
124
1226
9
1
7
33
1
1
21
1
1
1
6
25
3
2
2
39
6
1
1
25
2
48
1
1
5
3
1
1
11
22
3
18
2
1
2
2
2
9
1
1
1
1
3
3
2
6
22
1
1
1
23
1
105
50
1
1
2
1
1
1
1
1
12
4
2
6
2
16
22
21
13
32
1
1
2
3
1
1
1
1
1
32
14
2
1907
101
4
2
1
1
10
2
2
19
1
1
1
1
1
1
1
1
2
17
2
2
4
51
1
1
10
1
1
15
2
90
6
2
21
158
1
1
7
18
1
1
7
3
3
4
1
1
4
37
13
13
3
2
8
2
1
1
49
418
1
1
1
1
1
1
5
1
356
933
1
1
1
1
1
1
12
27
4
1
2
2
5
2
1
1
2
74
1
1
1
1
1
1
2
6
16
157
9
1
6
1
2
1
2
1
18
2
2
2
3
2
1
1
5
22
4
263
85
10
1
1
1
2
1
1
11
2
1
1
1
1
1
1
2
1
2
35
15
1
73
12
1
1
18
2098
2
7
1
8
10
2
1
1
21
46
1
1
2
1
2
6
2
204
3
2
2
34
1
1
13
8
1
1
1
1
15
3
1
1
9
543
10
35
1
18
1
1
2
4
1
1
4
2
1
1
2
11
4
2
68
16
1
1
2
2
1
1
1
1
1
1
1
1
2
2
17
24
1
21
1
1
118
3
3
2
11
6
1
1
1
1
1
1
14
5
1
1
1
8
2
5
8
1
1
1
1
9
2
1
1
59
1
1
1
6
6
9
10
2
1
1
1
1
1
1
2
84
8
37
2
34
25
94
9
169
1
1
15
44
24
2
1
1
1
1
1
1
3
3
1
1
114
272
15
19
6
4
6
4
1
1
13
3
1
1
1
1
1
1
2
12
14
91
1
1
12
6
2
1
13
20
12
45
1
1
10
1
116
6
6
48
24
3
1
1
2
4
1
1
1
1
2
1
504
3
1
1
165
17
1
1
18
2
2
8
838
2
1
8
2
49
27
130
19
2
16
38
7
1
2
1
16
9
3
2
2
1
1
1
3
14
39
274
2
13
398
1176
27
44
29
396
3
2
25
86
3
1
1
1
2
5
2
15
3
2
1
1
1
1
1
1
2
19
1
1
3
62
1
6
2
2
13
2
2
1
1
1
20
349
3
8
1
2
38
346
4
3
3
58
28
97
6
13
2
1
1
1
21
7
24
102
3
54
1
1
19
2
1
1
3
2
1
1
1
1
14
16
7
7
1
1
2
2
1
1
22
97
1
1
1
1
1
1
1
1
1
1
3
2
342
83
2
16
1
1
4
10
1
19
1
1
2
10
104
12
33
2
1
1
2
1
14
3
1
1
3
2
4
2
9
1
1
1
39
306
1
1
10
2
8
2
1
1
7
1
1
1
1638
281
3
2
1
1
4
26
15
1
1
1
1
1
1
1
1
45
1
1
4
1
5
3
1
1
1
1
2
21
2
10
23
112
1
1
23
118
2
46
1
1
1
1
18
21
3
4
78
454
1
1
2
59
4
1
2
9
2
4
34
21
1
1
3
64
2
4
6
1
1
1
1
1
6
296
1
1
6
1
12
6
1
1
1
1
7
3
1
1
1
1
28
341
1
6
1
9
2
2
1
16
1
1
2
8
10
1
1
1
2
2
1
1
10
2
23
2
1
1
3
1
3
2
513
12
1
1
22
80
1
1
1
1
1
1
1
2
2
1
1
1
73
13
3
2
1
1
1
1
9
1
1
1
1
1
42
16
26
32
2
5
37
6
1
1
1
1
1
1
13
84
42
628
2
3
1
2
4
2
2
14
1
1
4
4
1
1
1
1
22
3
1
6
1
1
8
177
1
1
5
81
21
95
1
1
1
1
2
3
66
3
1
1
3
2
3
2
1
1
1
13
16
33
1
1
1
1
1344
197
1
1
1
1
12
2
3
2
1
1
2
12
2
14
9
50
10
24
1
1
12
1
1
1
3
2
1
1
2
1
1
1
1
1
23
1
2
5
1
17
23
1
20
370
1
1
1
1
1
1
2
1
1
1
1
1
2
2
2
1
2
5
1
1
3
2
189
245
2
45
2
4
5
6
2
56
9
1
21
60
9
24
1
2
4
2
161
1497
1
1
1
1
21
127
10
2
1
1
1
1
26
237
73
5
3
2
1
1
5
20
3
13
7
8
1
1
1
1
2
9
23
1
2
4
13
45
2
1
9
2
2
3
2
33
1
7
13
2
16
2
3
9
22
1
1
1
13
2
5
2
10
1
5
9
1
1
2
66
3
2
2
10
2
1
1
1
1
1
6
1
1
1
1
1
13
74
11
1
2
29
1
1
3
44
1
1
2
9
2
13
4
1
4
3
1
1
2
14
1
1
10
5
4
3
3
2
7
8
2
7
6
4
1
1
1
1
22
1
10
2
7
18
3
20
1
1
21
36
10
16
1
1
19
2
1
1
2
2
1
1
2
2
7
43
1
1
3
3
2
40
1
1
2
14
4
2
1
1
3
18
1
1
4
1
2
3
1
25
2
4
2
5
1
1
8
1
165
1120
3
2
1
9
1
1
1
1
10
2
2
1
1
1
9
2
19
40
1
1
1
1
1
1
4
2
6
1
206
82
1
1
1
1
1
1
1
1
21
3
5
12
1
1
2
1
4
2
61
695
1
1
1
1
5
5
5
2
16
9
24
4
1
1
12
2
18
56
1
1
14
29
82
823
39
309
8
97
1
1
3
18
2
1
2
38
9
14
461
1102
1
3
19
196
4
2
1
1
4
2
2
3
1
2
1
1
1
1
1
1
24
2
1
1
2
14
3
2
3
38
1
4
1
1
1
1
3
2
1
1
3
232
7
1
1
6
60
915
1
1
1
1
1
1
2
12
1
1
1
3
1
1
4
2
37
17
35
107
1
1
1
1
16
24
2
18
22
1
1
1
15
18
10
7
1
1
19
60
15
2
1
1
1
1
1
1
17
2
1
1
9
37
34
101
1
1
2
2
1
1
12
2
1
1
1
1
5
1
1
1
16
53
1
1
1
1
10
2
2
2
2
2
2
2
3
5
20
268
1
1
1
1
1
1
5
1
1
1
10
1
2
35
20
1
2
42
380
80
10
2
3
75
1
1
2
22
1
1
4
37
1
1
2
1
8
1
1
1
1
1
1
1
1
1
1
1
3
2
591
37
15
6
15
2
1
1
5
7
1
1
1
1
1
1
15
8
1
1
10
15
2
66
1
19
2
30
15
1
1
1
2
4
1
1
1
1
1
6
1
1
1
1
101
125
1
1
4
4
1
1
1
6
18
62
165
1278
1
1
4
2
1
1
21
26
2
2
15
24
1
1
12
20
1
1
1
1
8
1
2
82
41
226
26
4
20
41
2
63
2
1
1
1
4
24
1
1
3
3
36
640
2
2
2
13
1
1
2
5
2
3
1
1
1
4
1
1
1
1
1
1
1
5
253
31
31
162
2
13
2
1
2
1
22
120
50
279
26
69
1
1
12
2
1
1
11
3
25
26
3
3
1
1
4
1
16
3
1
13
1
1
1
1
1
1
1
1
16
151
1
6
5
12
2
1
1
1
2
1
1287
285
1
1
1
1
1
1
12
83
1
3
1
2
6
1
2
20
1
1
2
7
26
435
1
1
1
1
2
1
1
1
1
1
59
708
2
2
1
1
1185
979
2
3
1
16
22
1
7
1
1
15
1
1
13
22
2
2
6
2
1754
242
18
18
1
1
2
60
22
1
5
1
1
1
18
62
1
1
8
2
17
71
12
2
3
15
1
1
39
551
1
1
4
2
1
1
1
6
2
33
3
2
6
1
3
23
10
6
1
1
2
38
4
1
3
1
1
1
1
3
1
1
10
4
24
2
641
37
3
2
2
15
1
2
1
1
1
1
1
1
1
1
1
1
2
37
1
1
467
1301
1
1
1
29
2
8
3
1
12
2
3
12
3
3
16
37
2
9
3
2
1
1
1
1
4
71
1
15
2
1
2
1
1
1
1
2
24
105
2
31
1
1
2
7
1
2
2
42
35
257
1978
1172
1
1
1
1
1
1
5
3
2
5
4
2
21
2
62
398
1
1
11
11
1
1
21
52
21
2
1
1
1
1
2
5
1
1
1
1
1
1
1
1
17
57
1
1
4
3
1
1
24
4
2
6
9
1
1
1
1
1
2
1
15
36
1
1
2
40
1
1
25
65
1
4
1
1
2
1
7
635
1
1
1
1
1
1
219
1273
1
4
2
18
9
25
6
1
7
1
1
1
3
2
24
2
1
1
3
6
10
3
1
14
1
1
1
1
1
2
1
1
15
54
70
668
8
30
20
33
1
1
1
1
2
5
8
2
5
1
4
42
1
1
1
1
1
1
2
2
2
2
2
1
1
1
2
1
4
2
5
2
3
2
2
1
2
1
3
2
1
1
1
3
1
6
2
2
59
400
1
1
1
1
2
5
1
32
17
927
4
1
2
60
323
5
13
8
23
1
18
222
2
14
1
1
9
1
395
172
12
2
2
8
2
18
7
1
1
1
3
2
5
5
6
2
1744
106
2
29
1
1
8
9
1
1
6
4
1
1
1
1
2
2
2
3
10
130
36
4
1
6
1
1
1
1
1
1
6
3
2
11
11
2
3
3
1
1
1
1
9
1
11
1
19
87
2
56
10
11
2
14
2
3
1
1
17
2046
2
2
12
2
1
1
2
5
34
72
1
1
3
2
822
93
1
1
7
1
1
1
1
1
27
66
12
47
1
1
1
1
1
1
3
1
5
2
2
24
54
16
40
12
2
1
1
1
1
1
1
1
2
15
23
1
21
1
2
13
9
1
20
12
1
3
3
2
1
1
14
1
1
1
1
1
1
1
1
1
16
25
1
1
1
1
3
2
1
6
1306
93
40
2
1
1
1
1
21
1
1
1
1
1
18
2
2
10
5
1
2
18
8
10
1
6
1
1
15
4
1
1
29
2
8
38
1
1
1
1
1
1
6
2
1
6
1
1
1
1
6
5
1
32
68
6
4
5
1
1
2
3
1
1
2
1
15
2
1
1
1
1
1
1
2
1
1
1
2
3
1
1
5
39
6
2
1
1
14
2
3
49
5
1
1
1
5
9
1
1
1
1
6
7
10
2
20
107
1
1
2
1
7
5
10
1227
1
1
24
185
907
26
8
1
1
1
1
1
5
4
1
1
1
1
1
1
22
38
1
1
4
6
3
11
1
1
1
1
2
11
3
2
1
1
17
20
1
1
3
2
19
1711
8
5
39
27
23
1
3
65
21
157
5
1
7
1
1
1
4
2
2
18
2
2
13
14
1
1
30
102
9
1
1
1
13
3
315
494
1
1
2
2
8
3
16
26
1
1
117
9
2
21
1
1
66
6
3
2
2
2
1
1
2
1
1
1
2
3
1
1
1
1
15
29
10
2
18
52
1983
160
2
11
2
10
1
1
5
2
1
1
1
1
28
160
8
18
3
6
2
1
6
5
5
3
1
1
22
2
2
2
1
1
2
1
10
6
1
1
1
1
1
1
26
118
1
1
1
1
2
2
4
2
6
2
18
41
13
10
12
2
1
1
1
1
1
1
1
1
2
9
1
4
2
4
10
15
1
1
2
5
1
1
9
1
1
1
14
27
21
55
1
1
1
6
1
1
31
163
26
115
1
1
39
453
2
18
26
174
1
1
1
1
18
29
26
2
2
50
1
1
1
1
2
97
1
1
19
37
6
7
15
264
2
175
12
3
2
2
1
2
1
1
1
1
1
1
1
1
2
2
1
1
29
75
1
1
1
1
1
1
11
2
2
5
1
1
1
1
3
2
1
1
1
1
13
3
2
3
2
1
1
25
1
1
2
1
2
2
7
1
2
2
1
1
8
1
1
1
1835
588
9
41
1
1
1
10
2
30
1
1
10
2
11
191
1
1
1
1
3
3
5
3
8
2
468
43
1
1
23
1
3
3
5
2
1
1
2
5
1
1
4
2
1
1
1
1
1
1
17
5
5
1
4
2
3
37
1
1
1
1
1
1
1
3
24
135
34
116
2
42
1
1
2
5
25
197
1
1
1
1
16
12
1
1
16
4
23
1
1
1
22
1
1
1
20
13
1
1
11
1
13
3
2
3
1
1
1
1
30
92
1
1
3
365
1
1
2
11
1
1
1
1
15
16
13
8
1
1
8
1
2
2
1
1
16
6
1
1
2
61
10
9
8
1
3
2
1
1
1
1
1
10
1
3
2
2
2
55
10
1
1
1
72
89
4
25
2
31
18
33
1
1
1
9
8
44
1
1
1
1
2
82
1
1
2
293
1
3
1
15
3
29
2
2
1
1
2
104
17
28
1
1
7
9
12
2
3
1
1
1
17
2
19
2
1
1
1
1
1
1
2
9
27
629
17
856
3
2
33
182
1
1
1
1
1
1
2
60
1
1
1
1
26
8
1
1
1
6
4
53
1
1
16
221
4
3
3
1
10
3
3
2
2
2
2
3
17
3
10
19
1
1
2
2
9
7
2
8
1
1
1
1
2
2
1
2
1
1
1
1
2
2
2
2
1
1
2
2
10
1
1
1
7
1
2
2
186
15
1
1
30
356
3
14
18
88
22
38
9
3
1
1
18
30
6
1
12
1
18
2
1
1
2
21
22
183
29
95
1
1
1
1
1
1
52
76
1
1
1
1
1
1
3
3
30
204
2
5
9
3
22
1
122
848
9
2
3
2
1
6
1
1
2
2
1
1
17
2
16
7
2
2
5
1
2
13
2
1
39
3
2
1
9
1
12
3
1
2
5
2
1
1
1
1
2
1
1
1
1752
786
1
8
2
8
1
17
9
1
1
1
3
46
21
53
13
34
1
1
2
3
4
2
11
2
1
1
38
83
30
2
2
13
1
1
9
1
1
1
18
37
2
1
11
10
2
5
1
1
14
27
22
1
1
1
1
6
13
2
1
18
18
68
1
1
4
199
1
1
1
1
14
50
1
34
13
290
6
1
2
2
1
1
1
29
1
1
1
1
2
6
1
1
3
2
7
5
12
73
2
138
1
2
1
1
1
1
1
1
8
20
1
3
15
2
1
1
3
2
1
1
30
43
2
1
1
1
1
24
2
2
5
11
24
2
10
2
2
2
1
1
1
1
3
43
1
1
2
2
2
2
15
37
13
1
1
1
2
8
1
1
1
1
6
1
5
3
1
6
26
1025
23
1
1
6
1
1
1
1
13
9
4
2
10
2
2
1
137
1892
23
1
6
1
26
9
1
1
2
1
1
1
1
1
693
11
883
166
3
2
1
1
1
1
1
1
1
1
1
14
2
2
3
3
22
3
24
2
1
1
1
1
1
1
1
1
2
7
2
21
1
1
1
1
1
1
1
1
2
1
3
5
1471
34
4
1
2
9
24
46
1
1
7
1
1
1
2
1
28
405
1
1
1
1
1
1
4
1
1
1
19
54
1
1
1
1
4
4
2
10
106
731
40
543
3
2
1
1
1
1
2
10
1
1
3
2
1
1
14
2
1
1
3
2
10
3
8
2
2
2
1
1
1
27
1
1
2
30
2
64
3
1
2
138
7
7
1
1
2
45
1
1
2
12
3
28
3
46
1
1
1
1
1
2
3
2
3
8
1
1
40
408
1
1
7
1
1
1
1
1
22
39
1
10
6
26
2
123
2
2
1
1
1
1
37
235
1
1
3
5
133
374
9
1
22
138
11
39
27
90
1
1
24
2
2
2
7
7
1
19
1
2
24
2
9
3
1
1
25
29
2
8
66
13
1
1
1
1
17
54
49
230
1
1
1
1
2
2
1
1
1
1
7
1
1
1
3
5
5
13
2
1
1
1
3
4
1
1
1
1
1
1
1
1
1
1
7
1
10
6
35
37
2
2
32
177
10
1
2
1
1
1
1756
603
4
1
3
2
1
1
349
2123
2
2
1
8
5
32
9
1
2
1
15
11
26
22
4
2
9
36
1
1
1
1
2
71
1
38
51
491
2
2
19
224
26
90
1
1
2
2
14
190
41
264
21
3
1
1
31
259
2
2
2
5
2
15
1
1
3
32
1
1
18
37
22
77
13
1
22
1
1
1
24
2
2
6
10
4
2
3
1
1
1
1
6
14
3
10
1
1
2
5
1
1
1
1
2
1
2
1
1
1
2
1
3
2
1
2
1
1
31
9
1
6
3
18
1
1
4
474
2
4
18
2
2
1
1
1
2
2
1
1
27
83
17
11
1
1
2
3
1
1
6
1
15
15
11
2
1
1
16
42
8
35
26
108
1
1
2
22
9
1
1
1
24
2
1
1
2
18
17
162
9
2
4
1
1
16
7
1
9
77
1
2
1
1
1
1
2
4
3
25
1
1
7
15
6
1
3
3
1
13
2
13
28
333
2
7
3
8
1
1
22
1
9
8
10
2
1
1
1
1
17
151
2
411
10
1
1
1
3
1
3
2
4
6
22
1
1
1
1
1
16
2
2
2
1
1
6
2
1
1
79
4
1
1
1
1
2
18
1
1
3
3
13
9
2
14
2
15
13
29
7
1
2
210
2
1
1
1
1
1
2
29
16
23
2
2
1
1
2
6
2
12
1
1
12
42
14
2
2
10
1
1
1
8
2
45
1473
483
1
1
117
2045
9
1
1
1
8
74
1
1
2
8
1
1
1
1
8
3
1
1
1
1
4
3
31
76
1
1
1
1
2
39
1
1
2
2
19
48
2
2
1
1
1
2
1
1
2
1
1
1
66
2
20
1
1
1
1
2
1
1
13
13
1
1
1
1
1
1
1
1
4
2
2
9
2
5
2
2
3
52
2
13
1
1
1
1
41
5
6
3
1
1
1
1
5
20
1
1
14
81
2
49
1
1
2
2
2
31
1
15
30
96
1
1
1
1
2
135
2
2
1
1
1
1
57
190
15
32
1
25
1
8
1
23
30
56
21
66
2
63
1
1
16
16
18
132
15
11
2
1
36
262
2
2
5
1
6
3
1
1
1
1
6
75
2
62
6
113
1
30
3
2
20
276
4
3
1
1
1
1
1
1
2
66
2
26
1
1
2
1
2068
92
2
2
12
290
1
1
1
1
24
4
1
1
34
10
1
2
1
1
34
132
1
1
347
224
16
20
81
432
390
8
23
1
5
2
86
20
7
3
1
1
1
1
2
4
28
155
2
2
17
327
2
2
3
9
3
2
1
1
6
1
1
1
4
19
23
5
2
8
2
1
3
10
1
1
22
83
3
2
2
7
1
1
2
8
1
1
1
1
2
48
2
1
1
1
6
3
18
21
2
6
12
2
4
2
22
28
1468
1367
30
236
1
1
37
12
1
1
1
1
1
1
1
1
4
2
6
27
15
9
1
1
1
1
1
32
3
124
1
1
1
1
1643
178
3
3
1
4
1
31
15
18
7
54
1
1
13
21
3
3
3
2
1
1
3
1
2
102
1
1
10
1
982
81
4
4
2
13
2
3
2061
108
2
4
2
12
1
1
1
1
11
10
3
3
5
7
2
56
4
2
1
1
1
6
1
1
1
1
1
3
4
1373
1
1
13
3
30
458
1
1
1
1
32
352
1
1
2
2
443
1117
1
1
1
4
3
49
11
20
1
1
1
1
8
4
1
1
2
18
2
1
4
859
14
4
1
1
1
1
1
1
44
5
1
1
1
1
1
1
1
6
2
26
2
45
2
7
1
1
1
23
1
1
1
1
1
1
1
1
2
6
2
1
1
1
11
9
1
1
4
4
6
2
17
291
1
1
9
1
1
21
1
1
1
1
1
1
1
4
2
23
6
1
1
1
2
8
8
2
6
7
1
1
1
1
2
1
2
13
1
1
2
9
4
107
1
1
3
2
1
1
1
1
23
1
1
1
460
1712
1
1
12
13
3
3
1
1
1030
6
1
1
3
3
9
1
2
9
37
278
2
2
5
2
1
1
5
16
1
1
1
1
1
1
2
1
2
1
3
78
2
1
2
1
1
1
2
10
3
2
1
1
1
1
3
2
1
1
1
1
1
1
1
1
2
1
3
2
4
2
22
3
5
1
27
281
1
1
2
1
1
1
22
1
2
2
1
1
1
1
1
1
16
32
1
1
2
28
3
5
8
527
10
11
3
2
2
11
2
4
2
9
1
21
2
1
1
21
1
1
5
5
1
1
2
2
1873
1342
3
2
9
1
1
1
2
8
1
19
1
1
1
1
1
1
2
39
26
2
1
1
1
6
22
32
150
11
2
48
2
6
5
133
2
2
2
13
1
1
1
1
16
14
5
2
2
5
1
1
2
1
1
1
2
13
2
4
1
1
2
18
8
1
34
216
1
1
21
287
2
10
26
36
18
23
1
1
1
1
1
1
49
436
1
1
24
2
7
20
1
1
18
27
1
1
1
1
1
1
1
1
9
2
11
2
2
10
1
1
1
1
2
1
1
16
29
106
14
18
3
2
1
1
4
2
3
393
3
12
1
1
65
13
5
5
1
1
2
2
1
1
1
1
2
1
3
2
2
9
12
2
15
11
1
1
9
1
24
38
1
1
7
1
1
1
1
1
3
9
1
2
16
21
1
1
2
2
1
7
1
1
19
62
12
5
1
1
24
2
2
8
1
1
1037
168
1
1
1
4
21
4
1
1
1
1
1
1
1
1
1
1
1
1
10
2
1
38
1
1
29
202
2
1
1
1
1
1
14
17
4
36
1
1
2
2
1
2
3
7
1
1
1
1
1
1
2
1
1
1
1
1
664
42
43
960
2
18
1
14
23
1
2
2
2
17
1
1
4
5
1
1
2
1
9
2
7
164
3
2
2
1
4
1
1
1
2
5
1
1
2
2
2
21
1
1
1
1
1
1
1
1
1
37
1
1
1
1
54
15
10
2
11
1
27
37
2
5
1
1
8
3
1
1
23
1
1
38
14
323
1
1
3
3
13
2
1
1
23
1
2
47
3
29
70
113
27
126
1
1
2009
561
4
1
1
1
22
1121
2
2
1
1
22
2
1
3
2
1
5
4
2
38
24
2
13
23
2
13
3
2
1
1
2
3
1
1
69
24
18
65
1
1
21
1621
1
1
12
2
6
2
4
2
1
1
1
1
1
2
1
1
22
2
1
1
10
1
13
1
1
1
1
46
1
1
1
1
3
2
2
2
1
1
1
1
2
8
2
1
2
9
2
5
5
4
1
1
2
71
1
1
7
2
1
1
1
2
1
1
1
1
45
1426
2
53
28
115
7
3
1
39
13
2
2
22
21
139
1
1
3
3
5
1
1
1
2
3
13
3
4
2
5
3
2
1
1
2
3
3
1
1
20
31
2
2
20
25
1
1
11
3
17
28
18
16
12
11
1
1
1
1
2
1
1
1
8
11
3
8
2
1
1
1
1
1
725
31
1
1
14
21
1
1
1
1
14
6
19
2
1
1
2
23
3
265
38
178
6
1
2
6
38
362
116
119
1
1
1
1
1
1
1
1
1
1
2
2
1
1
1
1
2
9
4
3
1
1
23
44
1
1
2
8
1
7
1
1
1
1
3
2
7
2
11
39
21
1
16
2
4
2
1
1
18
41
8
138
3
2
1
1
1
1
2
6
1
1
1
1
1
1
1
1
1
1
1
1
1
1
1
1
32
498
1
1
1
1
2
3
1
1
1
1
1
1
1
1
1
2
10
16
1
1
1
1
8
1425
1
1
41
1389
13
7
1
1
3
2
2
74
2
3
18
2
1
1
17
23
1
1
2
9
1
1
1
1
8
2
1
1
1
1
2
181
1
1
1965
1164
1
1
1
8
20
23
4
2
9
13
31
266
10
1
18
39
8
1
1
10
2
16
1
1
1
1
1
1
1
1
1
1
1
1
1
1
58
9
1
1
14
5
8
2
3
14
7
2
3
2
9
1
40
10
4
2
33
94
1
1
23
1
1
1
3
9
11
3
10
3
1
1
1
1
16
22
17
26
1
1
1
1
1
1
11
2
1
2
1
15
8
5
1
15
1
2
21
2
1
1
68
13
22
1
1
1
2
2
10
2
3
18
2
1
1
1
1
1
1
1
1
1
1
1
2
2
1
1
9
8
3
44
1
1
2
66
1
1
9
1
2
71
1
1
3
2
1
1
1
1
2
9
4
2
4
1
13
27
1
1
1
1
2
11
2
1
2
29
3
64
2
1
1
1
1
1
2
15
7
1
33
2117
9
3
2
33
1
1
1
1
23
1
1
1
30
2
1
1
1
1
1
1
22
1
2
2
10
2
2
6
8
1
1
1
31
159
2
50
200
107
1
1
1
1
2
1
2
1
1
1
16
3
10
9
1
32
1
1
5
18
1
1
2
13
3
14
1
1
1
1
1
1
2151
344
1
1
1
1
1
1
36
342
25
58
1
1
30
251
10
2
1
1
6
1
6
12
1
1
1
1
1
1
2
20
1
1
23
1
1
1
1
1
1
1
17
3
1409
288
1
1
1
1
15
25
2
48
1
1
2
2
2
154
1
1
1
1
10
1
1
1
5
52
5
1
1
1
2
1
9
19
3
4
1272
466
1
1
22
14
275
1125
12
11
1
6
1
1
2
1
44
515
1
1
2
29
18
289
1
1
1
1
6
1
2
7
2
2
1
2
2
9
7
1
50
3
1
1
1
1
6
2
1
1
8
1
10
2
4
2
1
1
2
19
1
1
19
65
10
2
2
2
5
2
3
2
2
4
1
1
1
1
10
1
6
90
1
1
63
8
2
2
1
1
1
1
1877
249
24
2
1
40
2
1
1
1
1
1
1
2
2
1
2
5
20
69
2
9
12
2
4
6
1
1
24
4
3
1
29
100
2
7
1
1
2
2
1
1
1
1
3
12
2
1
2
1
2
39
2
406
21
1
1
1
14
36
22
200
10
6
38
1417
1
1
1
1
3
2
1
1
3
2
8
1
1
1
2
3
1
1
1
1
1
1
1
1
1
1
1
1
1
1
2
28
10
6
4
1
2
1
2
2
1
1
3
2
1
1
1
1
2
11
1
1
8
9
18
16
1
1
1
1
7
1
5
2
1
1
13
14
2
2
2
3
2
2
3
2
2
21
2
1
36
356
1
3
376
21
396
50
2
1
1
1
437
3
4
2
1
8
2
2
1
15
2
1
21
27
1
9
48
2
1
1
1
1
1
1
6
6
1
1
1
1
162
47
2
4
1
1
1
1
1
1
1
1
1
1
1
1
1
2
2
14
4
2
7
1
9
1
21
2
6
2
1
1
3
2
2
1
1
1
15
74
19
48
22
4
14
2
2
2
12
2
2
2
1
3
22
1
1
1
2
11
1
1
2
4
1
1
1
1
40
10
2
2
1
1
8
2
2
11
474
432
3
5
24
34
19
118
1
1
2
13
62
69
3
30
1
1
1
3
2
10
2
82
1
1
5
1
9
1
2
5
3
1
17
25
1
1
1
1
1
1
1
1
21
172
39
696
5
509
2
1
18
22
22
1
2
1
1
1
1
1
2
1
1
1
3
2
2
66
1
1
3
12
1
1
3
193
6
4
1
1
21
35
47
306
1
1
3
2
4
2
208
51
9
3
20
24
1
1
2
2
1
1
130
29
1
1
1
1
1
1
1
25
2
1
76
5
3
30
1
1
12
2
2
1
3
41
16
1060
1
1
1
1
1
1
11
18
1
6
2
1
19
2
2
10
22
1
1
1
27
168
2
10
2
1
8
2
2
2
1
1
2
23
10
8
11
2
10
2
231
42
2
2
1
59
1
1
9
1
10
3
5
283
864
220
2
18
1
1
1
1
16
2
1
1
1
29
1
1
1
1
10
39
2
3
2
20
1
1
10
1
4
2
1
1
1
1
4
2
4
1
22
1
16
5
3
2
1
1
1
2
1
1
21
83
44
2
1
1
1
1
1
2
2
1
1
2
10
1688
1
1
1
1
1
1
1
4
1
1
11
1
1
1
9
1
1
1
4
1
1
1
22
1
2
51
1
1
1
1
6
1
1
1
1
6
2
10
19
57
1
1
2
2
2
8
11
2
35
361
14
3
1
1
1
1
4
2
2
13
1
1
19
1
3
2
1
1
3
41
4
1
1
1
2
9
2
1
1
1
2
4
15
10
1
1
1
1
489
483
1
1
17
33
1
1
1
1
4
2
1
1
1
1
3
2
2
2
1
1
6
1
1
1
1
1
23
1
24
2
1
1
1
1
2
2
5
16
5
8
2
14
2
1
3
5
864
67
2
12
1
1
16
2
1
1
1
1
17
69
2
7
15
1
11
2
1
1
2
25
140
101
1
1
1
1
2
9
14
135
1
1
39
170
1
19
2
3
1
1
1
1
4
1
1
1
1
1
1
1
1
1
1
1
22
3
8
14
1
1
7
2
13
20
1
1
1
1
1
1
1
1
2
10
2
2
1
1
3
4
1
1
1
6
1
1
13
95
8
1
2
11
1
1
1
1
1
1
388
20
4
1
10
3
20
134
896
1738
1
1
2
2
1
6
1
1
12
47
2
26
16
89
2
2
1
1
1
1
2
84
2
8
1
4
3
58
3
6
4
2
16
51
56
164
11
1
1
1
1
1
25
28
2
2
2
12
1
1
12
2
1
1
13
6
1
1
2
6
1
1
1
1
20
1
1
1
1
1
19
159
3
2
1
1
1
1
9
1
1
1
1
1
2
8
1
1
1
1
16
13
1
1
4
2
1
1
2
1
1
1
2
1
2
2
1
1
6
1
23
22
1
1
1
1
1
17
1
1
1
1
6
2
1
1
1
1
1
1
1
1
1
10
1
1
40
3
1
1
1
1
2
2
1
1
4
3
1
1
1
4
1
1
1
1
16
2045
14
145
2
2
1
1
1
1
1
1
2
1
14
1
2
38
1
1
1
1
13
1
7
1
16
51
1
1
1
1
4
2
1
1
2
18
5
4
11
2
26
223
10
11
12
2
2
151
12
18
1
1
2
1
3
44
1
1
111
756
45
1272
27
95
1
1
1
1
1
16
3
1
5
1
4
2
2
66
2
10
1
1
1
1
1
1
12
242
1
1
1
1
6
5
2
2
3
9
10
65
1
2
1
1
1
1
2
15
1
1
15
20
1
1
1
1
1
1
2
5
1
1
1
1
9
1
1
1
2
4
1
1
12
1
27
43
16
23
1
1
3
1
21
52
2
2
1
1
1
59
1
1
1
1
20
28
101
250
1
3
1
1
8
15
4
1
3
1
18
3
1
1
2
4
1
1
1
1
397
37
3
1
3
55
10
604
2
17
4
2
1
1
2
7
1
1
3
1
3
64
8
2
2
10
1
1
1
1
1
1
1
1
9
1
1
1
24
17
9
1
2
2
1
1
2
15
1
1
13
2
1
1
10
6
1
1
3
1
1
1
1
1
1
1
1
1
1
1
1
1
1
1
1
1
1
1
1
2
3
73
2
9
6
1
4
2
1
1
19
57
1
1
2
5
1
1
9
3
1
1
2
14
2
39
9
1
4
8
1
1
1
1
1
1
1
1
1
1
1
1
1
1
2
6
1
1
1
1
1
1
1
1
1
1
24
2
19
23
15
1
7
4
1
1
26
83
1
1
15
64
1
1
2
2
2
5
18
70
1
1
1
1
1
1
1
22
4
2
15
1135
5
2
1
1
1
1
2
2
12
10
3
2
1
6
106
19
8
2
1
1
20
27
2
2
1
8
12
2
1
1
3
2
1
1
5
1
5
1
1
1
2
10
8
1
1
1
1
1
5
2
2
22
13
2
2
2
1
1
20
50
11
9
1
1
1
1
1
1
14
1
8
2
1
1
1
1
2
1
1
1
1
6
8
767
1
10
1
1
21
98
9
1
2
2
3
2
2
4
1
1
14
6
2
3
1
1
1
7
1
1
1
1
70
4
1
1
3
1
1
1
1467
255
2
9
6
1
5
1
4
1
9
1
126
1591
1
1
1
1
22
1
1
2
17
73
30
2
1
1
1
1
2
24
1
1
14
32
2
2
1
1
3
13
18
24
1
1
2
1
1
1
1
1
1
1
5
2
2
4
150
130
1
1
1
1
1
1
1
18
3
2
1
1
1
1
19
64
1
1
1
1
20
1
1
1
72
1201
1
1
1
1
1
1
1
1
4
2
1
1
1
1
1
1
1
1
1
15
1
1
1
1
1
1
1
14
1
1
1
1
1
10
7
17
1
1
2
2
3
2
10
2
7
2
3
2
28
392
1
1
13
8
1
1
2
5
16
23
1
1
1
1
1
1
1
1
28
283
36
10
2
109
9
1
1
1
6
17
1
1
11
2
1
1
2
9
1
1
1
1
13
21
1
1
1
1
1
3
1
1
2
9
1
1
1
1
1
2
82
374
1
1
5
13
123
1469
12
65
1
1
5
2
1
1
6
1
254
4
1
1
7
1
1
1
1
1
23
89
2
63
1
1
15
128
42
696
2
9
7
117
3
48
1
1
2
13
8
23
1
1
281
35
2
3
1
1
5
5
1
27
2
6
4
11
1
1
4
273
20
28
2
1
1
1
1
1
29
322
13
37
6
33
22
1
2
5
5
10
4
41
1
1
3
77
1
1
3
14
1
1
3
2
5
7
1
1
33
221
1
6
1
1
1
1
2
21
15
1
5
1
1
1
2
21
69
3
1
1
2
1
13
6
1
1
2
10
2
1
3
2
8
1
1
13
1
1
5
37
1
1
39
545
3
37
1
1
33
177
1
1
2
11
3
2
21
77
22
1
21
52
2
10
1
1
20
340
2
1
2
15
1
1
1
1
2
1
1
1
1
1
2
2
7
229
1
1
571
52
1
1
24
2
15
40
878
234
2
3
1
1
