1
1
1
1
1
1
1
1
1
1
1
1
1
1
1
1
1
1
2
29
1
1
2
2
1
1
2
1
1
3
1
1
2
2
1
1
2
15
29
3
1
1
1
1
1
1
1
1
1
1
1
1
1
1
1
1
1
1
1
1
1
1
1
1
1
1
1
1
643
10
1
1
4
43
1
1
2
2
1
3
1
1
1
1
6
25
1
1
1
1
1
1
3
19
1
1
10
333
1
1
2
2
1
1
1
1
1
1
1
1
1
1
1
1
1
1
1
1
1
1
1
1
1
1
1
1
1
1
1
1
1
1
1
2
1
1
1
1
1
1
1
1
1
1
1
1
2
11
1
1
1
1
1
1
1
1
3
617
1
1
1
1
2
2
1
1
1
1
1
1
1
1
2
4
1
2
2
7
1
1
1
1
1
1
1
1
1
1
2
2
1
1
1
1
1
1
4
8
1
1
1
1
1
1
8
26
2
11
1
1
1
1
2
7
1
1
1
1
5
11
1
1
43
370
1
1
1
1
1
1
57
5
1
1
1
1
1
1
1
1
1
1
1
1
1
1
1
1
1
1
13
228
1
1
87
4
1
1
1
1
1
1
1
1
1
1
1
1
1
1
28
108
1
2
2
6
1
1
2
1
3
10
1
1
1
1
1
1
1
1
1
1
1
1
2
8
1
1
1
1
1
1
1
1
1
1
1
1
1
1
1
1
1
1
3
2
1
1
1
1
1
1
1
1
1
1
1
1
1
1
1
1
1
1
1
1
1
1
1
1
2
7
1
1
1
1
1
1
1
1
1197
312
1
8
1
1
1
1
1
1
1
1
1
1
2
2
1
1
1
1
4
1104
1
1
1
1
2
6
1
1
1
1
1
1
1
1
1
1
1
1
1
1
2
9
4
75
1
1
1
1
1
1
1
1
1
1
1
1
1
1
1
1
1
1
1
1
1
1
2
11
1
1
2
1
1
2
2
4
1
1
15
138
3
104
1
1
1
1
1
1
1
6
1
1
2
4
1
1
1
1
1
1
2
11
2
1
1
1
1
1
1
1
1
1
1
1
4
6
1
1
2
2
1
1
1
2
1
1
1
1
2
20
1
1
1
1
1
2
1
1
1
1
2
119
1
1
1
1
1
1
1
1
1
1
1
1
1
5
1
1
1
1
1
2
1
1
1
1
1
1
1
1
1
1
1
1
1
1
1
1
1
1
1
1
1
1
1
1
1
1
4
55
1
1
1
1
1
1
4
2
4
3
1
1
5
6
1
1
1
1
1
1
1
4
1
2
1
1
1
1
1
1
1
1
1
1
6
41
1
1
4
11
2
30
1
1
1
1
13
3
1
1
1
1
1
3
1
1
1
1
1
1
1
1
2
2
1
1
1
1
1
1
1
1
1
4
1
1
1
1
1
1
1
1
1
1
1
1
1
1
1
1
1
1
1
1
1
1
1
1
21
15
1
1
1
1
1
1
1
1
1
1
1
1
3
2
1
1
1
1
1
2
1
1
431
634
1
1
1
1
1
1
1
1
1
1
8
78
2
2
1
1
1
1
2
2
4
8
1
1
1
1
1
1
1
1
1
6
1
1
2
2
1
1
1
2
1
1
1
1
5
2
1
2
1
1
1
1
1
1
2
5
1
1
1
1
1
1
272
38
2
2
1
1
1
1
1
3
511
53
1
1
1
1
1
1
1
1
1
1
1
1
1
2
1
1
3
2
1
1
1
1
1
1
1
1
1
1
1
1
4
38
1
1
11
2
2
17
1
1
1
1
2
45
1
1
1
1
10
81
1
1
50
41
1
1
1
1
2
2
1
1
1
1
1
1
1
1
6
49
1
1
2
6
1
1
2
2
1
1
2
56
29
2
2
6
1
3
1
1
1
1
1
1
1
1
1
1
1
1
2
12
1
1
1
1
3
89
1
1
1
1
1
1
1
1
1
1
712
774
1
1
1
1
1
1
1
1
12
35
2
2
1
1
1
1
1
1
1
1
1
2
1
1
11
1574
1
1
1
1
1
1
1
1
1
1
1
1
1
1
1
1
2
9
1
2
1
2
2
2
1
1
1
1
1
1
1
1
1
1
1
1
22
4
1
1
1
1
3
3
2
4
1
2
1
1
1
1
2
1
1
1
1
1
1
1
1
1
1
1
2
5
2
2
23
413
1
1
2
2
1
1
1
1
1
1
1
1
1
3
1
1
1
1
1
1
1
1
3
61
1
1
1
1
2
5
1
1
1
1
1
1
1
1
1
1
1
1
1
1
1
1
1
1
1
1
3
10
3
11
1
1
1
1
1
1
1
1
1
1
1
2
1
4
1
1
1
1
2
28
2
2
1
1
1
1
1
1
1
1
1
1
1
1
2
2
1
1
1
1
15
29
1
1
1
1
52
251
1
1
4
2
1
1
1
1
1
1
1
1
2
2
1
1
1
1
1
1
1
1
1
1
1
1
1
1
1
1
1
1
1
2
1
1
2
14
1
1
1
1
1
1
1
1
2
4
1
1
1
1
1
1
1
1
2
2
2
16
2
7
5
2
1
1
1
2
1
1
1
1
1
1
1
1
27
2
1
1
2
2
1
1
1
2
3
8
1
1
1
1
1
2
1
1
1
1
2
8
1
1
1
1
1
1
1
1
1
2
1
1
1
1
1
1
1
1
1
1
1
1
1
2
1
1
1
1
1
1
1
1
1
1
1
1
1
1
1
1
1
1
2
3
4
122
7
25
1
1
1
1
2
7
1
1
1
2
1
1
1
4
1
1
1
1
1
1
1
1
1
1
1
1
1
1
1
1
1
1
1
3
1
1
1
1
1
1
7
5
36
2014
1
1
1
1
1
1
2
1
1
1
1
1
1
1
1
1
1
1
1
1
1
1
1
1
1
2
1
1
1
1
2
4
1
1
2
9
1
1
1
1
289
804
1
1
1
1
897
231
13
3
1
1
1
1
2
16
1
1
1
1
1
1
2
9
1
1
2
1
1
1
2
2
1
1
1
1
1
3
4
6
1
1
1
1
1
3
1
1
4
26
1
1
1
1
1
1
1
1
1313
437
1
1
1
1
2
2
1
1
1
1
2
8
1
1
1
1
1
1
1
1
1
1
1
1
1
1
1
1
1
1
1
1
1
1
1
1
1
1
4
30
1
1
1
1
1
1
1
1
390
26
1
1
10
69
1
2
1
1
1
1
2
2
1
1
1
1
1
1
2
4
1
1
3
9
1
1
1
1
1
1
1
2
2
13
1
1
1
1
1
1
1
1
2
1
1
1
4
13
1
1
1
1
1
1
1
1
1
1
1
1
1
1
2
2
2
18
1
1
1
1
1
10
1
1
1
1
1
2
1
1
1
1
1
1
1
1
1
1
1
1
1
1
1
1
1
1
1
1
1
1
1
3
1
1
2
2
1
2
1
1
1
1
1
1
5
28
1
1
1
1
1
2
1
1
1
2
1
1
1
1
1
1
1
1
1
1
1
1
1
1
1
1
3
2
1
2
1
1
2
9
1
1
1
1
1
1
1
1
1
1
1
1
1
1
1
1
1
1
2
2
2
8
1
1
1
1
2
2
1
1
1
1
1
1
1
1
2
2
1
1
5
9
4
27
1
1
1
1
4
38
2
34
1
1
1
1
1
1
2
2
1
1
4
5
1
1
1
1
1
1
1
1
1
1
1
1
1
1
1
1
1
1
3
2
1
1
2
2
2
2
1
1
1
1
1
1
2
2
1
1
1
2
1
1
1
3
7
872
1
1
1
1
1
1
24
101
1
1
1
1
1
1
4
3
8
104
1
1
1
1
2
15
1
1
1797
448
2
2
1
1
1
1
1
1
1
1
1
1
1
1
1
1
1
1
1
1
1
1
2
5
1
1
2
2
1
1
1
1
1
2
1
1
1
1
1
1
2
8
1
1
1
1
1
1
1
1
1
1
1
1
1
1
1
6
2
2
1
1
1
1
1
1
1
1
1
1
1
1
1
1
1
1
2
2
1
1
1
1
2
54
1
2
1
1
1
1
1
1
1
1
1
1
11
27
1
1
1
1
1
1
1
1
16
2
1
1
1
1
1
1
7
172
1
1
1
1
1
1
1
1
2
2
1
1
1
1
1
1
1
2
1
1
2
12
2
9
1
1
2
10
1
1
1
1
2
2
1
1
12
8
1
1
1
1
1
1
1
1
1
1
1
1
1
1
3
18
1
1
1
8
1
1
2
10
1
1
1
1
1
2
1
1
1
1
1
1
1
1
2
4
1
1
1
1
1
1
1
1
1
1
20
376
3
6
1
1
1
1
1
1
1
1
1
1
1
1
1
1
2
12
1
1
1
1
9
2
1
1
1
1
1
2
1
1
1
2
2
23
1
1
1
1
1
1
1
1
716
190
1
4
6
68
8
107
1
1
6
73
2
58
1
1
1
1
1
1
1
1
1
5
1
1
1
1
1
2
1
1
1
1
3
2
1
1
1
1
1
1
1
1
1
1
1
1
2
4
2
3
2
16
1
1
1
6
1
1
1
1
1
3
436
47
1
1
1
1
1
1
1
1
1
1
1
1
1
1
1
1
1
1
1
2
2
7
1
1
1
1
1
1
1
1
1
1
1
1
1
1
1
2
2
13
1
1
1
2
1
1
1
1
1
1
1
1
1
1
1
1
1
1
690
42
1
3
2
2
1
1
1
1
1
1
1
1
1
2
1
1
1
1
1
1
1
1
1
1
1
1
1
1
2
22
1
1
1
1
38
2
1
1
1
1
1
1
1
1
1
1
1
1
1
1
1
1
1
1
1
1
1
10
1
1
1
1
1
1
1
1
1
1
1
1
2
2
1
1
1
1
1
1
1
1
1
1
3
2
1
1
2
2
1
1
4
2
1
1
1
1
2
3
1
1
1
1
1
1
1
1
1
1
2
1
1
1
1
1
2
8
1274
16
4
17
1
1
1
1
1
2
2
2
1
1
1
1
1
1
1
1
1
1
1
1
1
1
1
1
1
1
4
7
1
1
1
1
1
1
1
1
1
1
1
1
1
1
2
2
1
1
1
1
1
1
1
1
1
1
1
1
1
6
1
1
1
1
1
2
1
5
1
1
5
23
657
141
1
1
1
1
1
1
2
9
2
37
1
1
1
1
1
1
2
2
1
1
1
1
1
5
1
1
1
1
1
1
1
1
1
1
1
1
1
5
1
1
1
1
1
1
1
1
1
1
1
1
1
1
1
1
1
1
1
1
1
2
1
1
1
1
1
1
1
1
1
1
1
2
2
2
1
1
1
1
1
1
4
6
1
1
2
35
1
1
1
1
1
1
1
1
1
1
2
8
1
1
1
1
1
1
1
1
1
1
2
5
1
1
1
1
1
1
1
1
1
1
2
17
1
2
1
1
1
1
1
1
1
1
3
2
2
3
1
1
5
281
1
1
2
5
1
2
1
1
1
1
1
1
1
1
1
1
1
1
1
1
1
1
1
1
1
1
1
1
1
1
1
1
1
1
1
1
4
32
3
2
1
1
1
1
1
1
1
1
1
1
1
1
1
1
1
1
1
1
1
1
1
1
1
1
1
1
1
1
1
1
1
1
1
1
1
1
2
2
1
1
1
1
1
1
1
1
1
1
1
1
1
1
1
1
3
2
5
2
1
1
1
2
1
1
1
1
8
24
1
1
1
4
2
2
1
1
1
1
1
1
1
1
2
28
1
1
1
1
1
1
1
1
3
17
2
16
1
1
1
1
1
1
7
685
2
5
1
1
1
1
1
1
1
1
1
1
1
1
2
3
2
2
1
1
1
1
1
1
1
1
2
2
1
1
1
1
2
4
2
9
1
1
1
1
1
1
19
46
1
1
1
1
1
1
1
1
1
1
3
2
1
1
4
77
1
1
1
1
1
1
1
1
1
1
1
1
1
1
1
1
1
1
1
1
1
1
1
1
1
1
1
1
2
2
1
1
3
8
1
1
3
34
1
1
3
21
1
1
2
9
1
1
1
1
1
1
1
7
1
1
1
1
1
1
1
1
1
1
1
1
40
5
1
1
30
1517
1
4
1
1
1
1
1
1
2
3
10
4
1
1
2
2
1
1
1
1
1
2
1
1
1
1
1
1
1
1
3
11
1
1
1
1
1
1
1
1
1
1
2
2
1
1
1
1
1
1
1
1
1
1
1
1
1
1
1
1
1
1
1
1
1
1
2
2
1
1
1
1
1
2
1
1
1
1
1
1
1
1
1
1
1
1
1
1
2
2
1
1
1
1
1
1
1
1
13
176
1
2
1
1
1
1
3
15
1
1
1
1
1
1
1
1
1
1
1
1
1
1
1
1
1
1
3
3
1
1
1
1
1
1
1
1
1
1
3
102
1
1
1
3
1
1
2
2
1
1
1
1
2
42
1
1
1
1
1
1
1
1
1
1
1
1
1
1
7
65
1
1
1
1
1
1
62
1953
1
1
1
1
1
3
1
1
2
2
2
2
1
1
1
1
1
1
1
1
1
1
1
1
1
1
1
1
1
1
1
1
65
22
1
1
1
1
1
1
1
1
1
1
1
2
1
1
1
1
1
3
1
1
1
1
1
1
1
1
5
45
1
2
1
1
1
1
1
1
1
1
1
1
1
1
1
1
1
1
1
1
1
1
1
1
1
1
1
1
1
1
2
108
1
1
1
1
1
1
1
1
2
4
2
16
1
1
8
106
1
2
4
25
1
1
1
1
1
1
1
1
1
1
7
35
1
1
1
1
1
1
1
1
1
1
2
9
1
1
1
1
1
1
1
1
1
1
1
1
1
1
1
1
1
1
1
1
1
2
1
1
1
2
1
2
1
1
1
1
1
1
3
66
53
680
1
1
1
1
1
1
1
1
2
12
1
1
1
1
1
1
1
6
1
1
2
2
1
1
1
1
1
1
1
1
1
1
1
1
3
2
1
1
1
1
54
519
1
1
1
5
1
1
1
1
1
1
1
1
566
134
269
24
1
1
1
2
1
1
1
1
1
1
1
1
1
1
1
1
1
1
1
2
1
4
1
1
3
2
1
1
1
4
1
1
1
1
2
2
2
1
1
5
1
1
1
1
1
1
1
1
1
1
1
1
1
3
611
34
1
1
1
1
1
1
1
1
276
616
1
1
1
1
5
196
1
2
1
7
1
1
1
1
1
1
1
1
1
1
1
1
1
1
1
1
1
1
1
1
1
1
1
1
1
1
1
1
1
1
1
1
2
2
1
1
1
1
1
1
1
1
2
3
1
1
1
10
1
1
1
1
4
595
1
1
1
1
1240
763
1
1
1
1
1
1
3
7
1
1
2
59
1
1
1
1
2
1
1
1
1
1
1
1
1
1
1
1
2
4
2
2
1
1
1
1
1
1
1
1
1
1
2
10
1
1
4
8
1
1
1
1
2
4
1
1
1
1
1
1
8
67
1
1
1
1
1
1
1
1
1
1
1
1
1
1
1
1
1
1
1
1
1
1
1
1
1
1
3
9
1
1
1
1
1
1
1
1
1
1
1
1
2
4
1
1
1
1
1
1
1
1
1
1
1
1
1
1
1
1
3
2
1
1
1
1
1
1
32
1409
1
1
1
1
1
1
1
1
1
1
1
1
1
1
1
1
1
1
1
1
1
1
2
1
917
111
1
1
1
1
3
8
1
2
1
1
2
8
1
1
1
1
1
1
1
1
1
1
1
1
1
1
1
1
2
1
1
1
1
1
1
3
1
1
1
1
1
1
3
8
1
1
1
1
1
1
1
1
4
16
1
1
1
1
1
1
1
1
1
1
1
1
1
1
2
4
1
1
1
1
75
20
1
1
1
1
1
1
2
3
1
1
1
1
1
1
2
11
1
5
1
1
1
1
1
1
6
120
1
1
1
1
1
1
1
1
1
1
4
44
2
2
14
2
3
8
1
1
1
1
3
60
1
1
1
1
1
2
1
1
1
1
2
3
1
1
1
1
1
1
1
1
1
1
4
32
1
1
4
2
1
1
1
1
2
2
1
3
1
1
1
1
1
1
1
2
1
1
2
81
1
1
3
24
11
104
1
1
1
1
1
1
1
1
1
1
1
1
1
1
1
1
1
1
1
1
1
1
1
1
1
1
1
1
1
1
1
1
1
1
1
1
1
1
1
1
1
1
6
78
1
1
1
4
1
1
1
1
1
1
1
1
2
10
1
2
1
1
1
1
1
1
2
84
1
1
1
1
1
1
1
1
3
6
2
3
1
1
1
1
1
1
1
1
1
1
1
3
1
1
2
2
2
6
1
1
1
1
1
1
6
6
1
1
1
2
1
1
1
1
2
4
2
2
1
1
1
6
1
1
2
69
1
1
624
400
1
1
1
1
1
1
1
1
1
1
1
1
3
8
1
1
1
1
1
1
1
1
1
1
3
17
1
1
1
1
2
5
1
1
2
18
1
1
1
2
1
1
1
1
1
6
1
1
1
1
1
1
1
1
1
1
1
1
313
336
2
13
1
1
1
1
1
1
414
1004
1
1
1
1
1
1
1
1
1
1
1
1
1
1
1
1
1
1
1
1
3
21
1
1
1
1
1
1
1
1
1
1
1
1
1
1
1
1
1
1
1
1
7
53
2
10
1
2
1
1
2
15
1
1
1
1
1
1
1
1
1
1
1
1
1
1
1
1
1
1
1
1
1
1
1
1
1
1
1
1
1
3
1
1
8
8
1
2
1
1
1
2
1
1
2
4
1
1
1
1
1
1
1
1
2
14
1
1
1
1
1
1
1
1
1
1
1
1
1
1
1
1
1
1
3
5
21
35
1
1
1
1
1
1
1
1
1
1
1
1
2
3
1
1
1
1
4
22
2
2
1
1
1
1
1
2
1
1
1
1
1
1
1213
632
1
1
1
1
1
1
1
1
1
1
1
2
1
2
1
1
1
1
1
1
1
1
7
110
1
1
1
1
2
40
1
1
303
844
1
1
1
1
2
15
2
4
7
31
4
8
1
1
1
1
1
1
1
1
7
3
2
13
1
1
1
1
1
1
2
7
1
2
2
1
1
1
2
2
1
1
1
4
1
1
1
1
6
11
1811
72
1
1
1
1
1
1
5
98
1
1
1
1
1
1
2207
994
1
1
5
2
1
1
1
1
1
1
453
155
2
17
1
1
1
1
2
11
1
1
1
1
1
1
1
2
1
1
1
1
1
1
1
1
1
1
1
1
1
1
1
1
1
1
1
1
1
1
1
1
1
1
1
1
1
1
1
1
2
2
1
1
1
1
1
1
1
1
1
1
1
1
1
1
2
2
1
1
1
1
1
3
1
1
1
2
1
1
1
1
1
1
1
1
1
1
1
1
1
1
1
2
1
1
20
108
1
1
1
2
1
1
1
1
3
47
1
1
1
1
2
1
1
1
1
1
1
1
1
1
1
1
1
1
2
2
1
1
1
1
12
32
1
1
1
1
2
13
1
2
1
1
1
1
1
1
1
1
253
38
1
1
1
1
1
1
1
1
1
1
1
1
1
1
2
23
1
1
1
1
1
1
1
1
818
116
2
2
1
1
228
18
1
4
1
1
9
25
2
9
1
1
1
1
1
1
1
1
1
1
1
1
1
1
1
1
1
1
1
2
1
1
1
1
1
1
2
15
30
395
1
1
1
1
1
1
4
36
1
1
12
65
1
1
1
1
1
1
1
1
1
1
3
68
1
1
1
1
1
1
1
1
1
1
1
1
1
1
2
14
1
1
1
1
1
1
1
1
1
1
1
1
1
1
1
1
1
1
1
1
1
1
1
1
1
1
106
551
1
2
31
7
1
1
1
1
1
1
1
1
1
1
1
1
1
1
2
2
3
2
1
1
1
1
1
1
1
1
1
1
1
1
1
1
1
1
1
1
1
2
3
2
1
1
1
1
1
1
1
1
1
1
1
1
1
1
1
1
1
1
1
1
169
15
1
1
1
1
1
1
1
1
1
1
1
1
2
4
1
1
1
1
1
1
9
2
20
1767
1
1
1
1
1
1
1
1
1
1
3
2
1
1
1
1
1
1
3
7
1
1
1
1
1
1
1
1
1
1
1
2
1
1
1
1
1
1
1
1
1
1
1
1
1
1
1
1
1
1
1
1
1
1
1
1
2
2
1
1
1
1
1
1
1
1
1
1
1
1
1
1
1
1
1
1
1
1
1
1
1
2
1
1
1
2
1
1
1
1
1
1
1
1
1
1
1
1
2
2
1
2
2
4
1
1
2
2
1
1
2
3
1
1
1
1
1
1
3
16
2
2
1
1
1
1
1
1
1
1
2
28
1
1
1
1
1
4
1
1
1
1
1
1
1
1
2
19
2
5
1
1
1
2
1
1
1
1
1
1
6
5
1
1
1
1
2
2
1
1
1
1
1
1
1
1
1
1
1
1
1
1
1
1
1
1
2
1
1
1
1
1
1
1
16
3
1
1
1
1
1
1
1
1
1
1
1
1
1
1
1
1
1
1
1
1
1
1
1
1
1
1
1
1
1
1
1
1
1
1
1
1
1
1
1
1
1
1
1
1
1
1
1
1
1
1
1
1
1
1
2
38
1
1
1
1
2
2
1
1
1
1
2
2
1
1
1
2
27
257
1
1
1
1
1
1
1
1
1
1
3
6
1
1
1
1
1
1
4
22
1
1
7
64
1
2
1
8
1
1
1
1
1
1
1
1
1
1
3
2
1
1
1
1
1
1
1
1
1
1
1
1
1
1
1
1
1
1
1
1
1
2
1
1
1
1
579
14
1
1
1
1
1
1
1
1
4
4
2
34
1
1
1
2
2
2
1
1
1
2
1
2
1
1
1
1
2
21
1
4
1
2
1
1
1
1
6
85
1
1
1
1
1
1
1
1
1
1
1
4
1
1
11
4
1
1
1
1
1
1
1
1
1
1
1
1
42
21
1
1
1
1
1
1
1
4
2
3
4
27
1
1
4
2
1
1
1
1
1
1
1
1
1
1
1541
894
1
6
1
3
1
1
1
1
1
1
1
1
3
14
1
2
1
1
8
228
16
728
1
1
1
1
1
1
1
1
1
1
1
1
1
1
1
1
1
1
1
1
1
1
1
1
1
1
1
1
1
1
2
19
17
325
1
1
1
1
1
1
1
1
1
1
1
1
1
1
1
1
1
1
1
1
1
1
1
1
1
1
1
1
1
1
1
1
1
1
1
1
1
1
1
2
1
1
1
1
1
1
2
8
1
1
1
1
1
1
1
1
1
1
3
486
1
1
1
1
1
1
1
1
2
11
1
1
2
10
1
1
1
1
1
1
1
1
2
6
1
1
355
1666
1
1
1
1
1
1
1
1
1
1
3
18
1
1
1
1
1
1
1
1
4
12
1
1
1
5
1
1
1
1
9
306
4
2
1
1
1
2
5
4
1
1
1
1
1
1
1
5
2
4
1
1
1
1
2
10
1583
1492
2
17
1
1
1
1
1
1
1
1
1
1
3
5
1
1
1
1
1
1
6
1093
1
1
1
1
1
1
1
1
1
1
1
1
1
1
1
3
1
1
1
1
2
2
1
1
2
2
3
2
1
1
1
1
1
1
1
1
1
1
1
1
2
14
1
1
1
1
1
1
1
1
1
1
1
1
1
1
1
1
1
1
1
1
2
2
2
2
1
1
1
1
1
1
1
3
1
1
1490
35
1
1
1
1
1
1
1
1
2
15
1
1
1
1
1
1
1
1
1
1
1
1
1
2
1
1
2
3
4
131
1
4
1
1
2
45
1
1
1
1
4
11
1
1
1
1
1
1
1
1
1
1
1
1
1
1
49
82
43
328
2
7
1
1
1
1
1
1
1
1
1
3
1
1
1
1
2
12
2
2
1
1
1
1
1
1
2
2
1
1
1
1
1
1
1
1
1
1
2
2
1
1
1
1
1
1
2
2
1
1
1
1
29
2
2
1
1
1
3
23
1
1
1
1
2
2
1
3
1
1
1
1
1
1
1
1
1
1
1
1
1
1
1
4
1
1
1
2
1
1
1
1
1
1
1
1
1
1
1
1
1
2
1
2
1
1
2
26
1
1
1
1
1
1
1
1
1
1
2
2
1
1
1
1
1
1
1
1
1
1
1
8
1
1
1
1
1
1
1
1
1
1
1
1
473
76
1
1
1
1
1
1
1
3
1
5
2
46
1
1
10
1454
1
1
1
1
1
1
1
1
1
1
1
1
1
3
1
1
2
5
1
1
1
1
1
1
1
1
1
1
1
1
1
1
1
1
1
1
1
1
1
1
1
1
1
1
2
8
1
1
1
1
1
3
1
1
1
1
1
1
1
1
2
2
1
1
5
641
43
1364
1
8
1
1
2
2
1
1
1
1
1
1
1
1
1
1
1
1
1
1
2
2
1
1
1
1
1
1
1
1
1
1
1
1
1
1
1
1
2108
540
1
1
2
66
1
1
2
2
1
1
1
1
8
104
1597
793
1
1
1
1
1
2
1
1
1
1
1
1
8
4
1
1
1
1
1
1
1
2
1
1
1
1
1
1
1
1
1
1
2
2
1
1
1
3
1
1
1
1
1
1
1
1
1
1
1
1
24
530
1
1
1
1
1
1
9
35
1
1
17
113
1
1
1
1
2
4
1
1
1
1
1
1
1
1
1
1
1
1
2
2
1
1
3
2
1
1
313
79
2
2
1
2
1
1
1
1
1
1
2
5
1
1
1
1
1
1
1
1
1
1
1
1
1
1
1
1
2
14
1
1
2
12
1
1
1
1
1
1
1
1
1
1
1
1
1
1
4
9
1
1
1
1
1
1
1
1
1
1
1
1
3
12
1
1
1
1
4
135
1
1
1
1
1
1
1
1
1
1
1
1
1
1
1
1
1
1
1
1
3
3
1
1
6
35
1
1
1
1
1
1
1
1
96
100
1
1
1
1
1
1
1
1
1
1
1
1
1
1
1
1
2
2
1
1
1
1
1
1
1
1
1
2
1
1
4
3
1
1
1
1
1
1
1
1
1
1
1
1
1
1
1
1
1
1
1
1
2
4
1
1
1
1
1
1
508
366
4
29
24
128
1
1
1
1
1
1
2
2
1
1
1
1
17
19
2
2
1
1
1
1
1
1
1
1
1
1
1
1
3
11
1
1
1
1
1
1
1
1
1
1
1
1
81
10
1
1
1
1
1
1
8
30
1
1
1
1
1
6
1
1
2
2
1
5
3
12
1
2
1
1
1
1
1
1
1
1
1
1
2
3
2
2
1
1
1
1
1
1
2
48
2
2
1
1
1
1
1
1
1
4
1
2
1
1
1
1
1
1
1
1
1
2
2
2
1
1
1
1
1
1
2
15
1
2
1
6
1
1
1
1
1
2
1
1
1
1
1
1
1
1
1
1
1
1
1
1
1
1
1
2
1
1
1
6
1
1
1
1
727
357
1
1
1
1
1
1
1
1
1
1
1
1
1
1
1
1
1
1
1
2
1
1
1
1
1
1
1
6
1
1
1
1
1
1
1
1
86
30
1
1
1
1
1
1
1
1
2
6
1
1
1
1
1165
65
1
1
1
1
1
1
1
1
1
1
1
1
1
1
1
1
1
1
1
1
1
1
1
1
1
5
1
1
1
1
1
1
1
1
1
1
1
1
4
2
206
85
2
2
2
28
1
1
1
1
1
1
1
1
3
3
1
1
1
1
2
5
10
38
1
1
1
1
1
1
1
1
1
1
2
5
1
1
1
1
3
11
1
1
1
1
1
1
1
1
1
1
1
1
1
1
1
1
1
1
1
1
3
5
1
1
2
10
1
1
1
1
1
1
3
7
1
1
1
1
1
1
1
1
1
1
1
1
5
755
1
1
2
4
1
1
1
1
1
1
1
1
102
40
5
2
1
1
1
1
1
1
7
4
1
1
3
1
1
1
1
1
1
1
2
3
1
1
1
1
1
1
1
1
1
2
2
2
1
1
1
1
1
1
1
1
1
1
1
1
1
1
2
18
1
1
2
2
1
1
1
1
6
99
1
1
1
3
1
1
1
1
2
6
1
1
1
1
1
1
2
2
1
1
2
11
1
1
1
1
1
1
1
1
1
1
1
1
1
1
1
1
1
1
40
36
1
1
3
57
1
1
1
1
1
1
1
1
1
1
1
1
1
1
1
1
1
1
2
4
1
1
1
1
1
1
3
3
1
4
1
1
1
1
1
1
2
2
1
1
1
1
1
1
1
1
1
1
1
2
1
1
1
1
962
115
12
1162
2
2
1
1
1
1
1
1
1
1
1
1
1
1
1
1
1
3
1
1
1
1
1
1
1
1
1
1
1
1
1
1
1
1
2
2
1
1
1
1
1
1
4
4
1
1
1
1
1
1
1
1
3
44
1
2
1
1
1
1
1
1
1
1
1
1
1
1
1
1
1
1
3
10
1
1
1
1
1
1
2
2
1
1
1
1
2
2
1
1
1
1
78
22
1
1
1
1
1
1
1
1
2
34
1
1
2
3
1
1
1
1
467
240
1
1
1
1
1
1
1
1
1
1
2
3
1
1
8
27
1
1
1
1
1
1
1
2
1
1
1
1
1
1
4
18
2
9
2
2
1
1
1
1
1
4
1
1
1
1
1
1
3
48
1
2
1
1
1
1
1
1
1
1
2
2
1
1
1
1
1
1
36
6
1242
41
1
1
1
1
1
1
1
1
1
1
1
1
1
1
1
4
1
1
1
1
1
1
16
4
1
1
1
1
1
1
1
1
1
1
1
1
3
3
2
2
2
4
1
1
1
1
1
1
2
19
18
1881
1
1
1
2
420
71
1
1
1
1
1
1
1
1
1
2
1
2
1
1
1
1
1
1
1
1
1
1
1
1
1
1
1
1
1
2
1
1
1
2
2
15
1
1
1
1
3
4
1
2
20
489
1
1
1
1
1
2
2
9
1
1
1
1
1
1
1
1
1
1
1
1
400
604
1
1
2
4
1
1
1
1
1
1
1
1
1
1
1
1
1
1
1
1
2
2
1
1
1
1
1
1
1
1
1
1
1
4
2
30
1
5
1
1
1
1
1
1
1
1
911
526
1
1
10
66
1
1
1
1
1
3
1
1
1
1
1
1
1
1
1
1
1
1
2
24
1
1
1
1
96
3
1
1
1
1
1
1
118
90
2
30
3
4
1
1
1
1
1
5
1
1
180
37
279
9
1
1
1
1
1
2
2
2
2
9
3
34
1
1
1
1
1
1
1
1
138
1907
1
1
1
1
2
2
2
3
1
1
1
1
1
1
1
1
1
1
1
1
1
1
1
1
1
1
1
6
2
1
1
1
1
1
1
1
10
2
1
2
5
8
1
1
1
1
1
1
1
1
6
2
1
1
2
2
1
1
1
1
1
1
1
1
1
1
1
1
2
4
3
2
2
2
1
1
1
1
1
1
1
1
1
1
1
3
1
5
4
13
1
6
1
1
5
2
1
1
1
1
1
1
1
1
2
7
1
1
1
1
1
1
1
1
2
2
1
6
1
1
1
1
615
146
1
1
1
1
1
1
1
1
1
1
1
1
1
1
1
1
1
1
1
2
1
1
1
1
18
416
1
1
1
4
1
1
1
1
1
1
1
1
1
1
1
1
1
1
1
1
1
1
1
1
1
1
1
1
1
1
1
1
1
2
1
1
1
1
1
1
1
1
1
1
1
1
1
1
1
1
1
1
1
1
1
1
1
1
1
1
1
1
1
2
1
1
1
1
1
1
1
1
1
1
1
1
1
1
1
1
1
1
4
4
1
1
1
1
29
2
1
1
1
1
2
14
1
1
1
1
3
17
1
1
1
1
1
1
1
1
1
1
1
1
1
1
24
21
1
2
1
6
2
2
1
1
1
1
1
1
1
1
1
1
4
6
1
1
1
1
1
1
1
1
1
1
4
2
2
1
1
1
1
1
3
10
1
1
2
8
1
1
1
1
1
1
1
2
1
1
1
1
1
1
1
1
34
1273
1
1
2
2
1
1
1
1
1
1
239
110
1
1
1
1
1
1
1
2
2
7
1
1
2
2
1
1
5
2
1
7
1
1
1
1
1
1
1
1
1
4
1
1
1
1
1
5
1
1
1
1
1
1
1
1
1
1
1
1
1
1
1
1
1
1
1
1
1
1
1
1
1
1
1
2
1
1
1
1
1
1
1
1
1
2
1
1
1
1
1
1
1
3
1
1
1
1
1
1
1
1
3
8
1
1
1
1
1
2
2
29
1
1
3
4
1
1
1
1
1
1
1
1
1
1
1
1
1
1
3
2
1
1
1
1
1
1
1
1
1
4
1
1
1
1
1
1
2
19
1
1
1
2
1
1
1
1
1
1
1
5
1
1
3
2
2
8
1
1
1
1
1
1
1
1
1
1
1
1
1
1
1
1
1
1
1
1
1
1
1
1
1
1
1
1
1
1
26
157
13
47
1
1
1
1
1
1
1
1
1
1
1
1
1
1
14
4
1
1
1
5
1
1
1
1
1
1
1
1
1
1
1
1
1
1
265
56
1
1
36
500
1
1
2
3
1
1
1
1
1
5
1
1
1
1
1
1
1
1
1
1
1
1
1
1
1
1
5
164
2
5
1
3
1
1
1
1
5
22
1
1
1
1
1
1
1
1
1
1
1
1
1
1
2
2
1
5
1
1
1
1
231
12
1
1
1
1
1
1
1
1
1
1
2
2
1
1
1
1
3
63
1
1
1
1
1
1
1
1
1
1
1
1
1
1
4
57
2
9
1
1
1
3
1
1
1
1
1
1
1
2
1
1
1
1
1
1
171
31
1
1
1
1
1
1
1
1
3
2
1
1
2
9
1
1
1
1
2
8
97
11
1
1
1
2
1
1
1
1
1
1
13
17
1
1
1
1
1
1
1
1
1
1
1
1
1
1
1
1
2
2
1
1
2
3
1
1
1
1
1
1
3
2
1
1
2
2
1
1
1
1
1
1
3
4
1
1
1
1
1
1
2
18
2
2
858
172
2
3
1
1
1
1
1
1
1
1
1
1
1
1
1
1
1
1
1
1
1
1
5
7
3
9
1
1
489
139
1
1
4
12
1
1
2
2
25
50
1
1
1
1
1
1
1
1
1
1
1
1
1
1
1
1
1
1
2
2
634
440
1
1
1
1
1
1
1
12
1
1
1
1
1
1
1
1
2
5
1
1
1
1
1
1
1
2
1
1
4
16
1
1
1
1
1
1
1
1
1
1
1
1
4
6
1
1
1
1
2
2
1
1
42
890
4
41
1
1
1
1
1
1
1
1
1
1
1
1
1
1
1
1
1
1
1
1
2
2
1
1
3
9
112
1963
1
1
2
23
1
1
4
28
4
3
1
1
1
1
1
1
1
2
1
1
1
1
1
1
1
1
1
1
7
3
1
1
1
2
1
1
1
1
1
2
1
1
1
2
1
1
1
2
1
2
1
1
1
1
1
1
1
1
1
1
1
1
1
1
3
16
1
1
1
1
1
1
1
1
2
7
1
1
1
1
3
4
1
1
3
15
1
1
1
1
1
3
1
1
1
1
19
4
1
1
1
1
1
1
1
1
1
1
1
1
1
1
1
1
1
1
2
12
2
86
1
1
3
8
1
1
1
1
1
1
1
1
1
1
1
1
1
2
1
1
1
1
1
1
1
1
1
1
1
1
1
1
1
1
1
2
3
2
4
2
1
1
1
1
3
4
15
4
1
1
1
1
1
1
1
1
1
1
1
1
1
1
1
1
1
1
1
1
1
1
1
1
11
53
1
1
1
1
1
1
1
1
5
2
1
1
1
1
1
1
1
1
1
1
1
1
1
1
1
2
2
2
1
1
1
1
1
1
27
1255
1
1
1
1
69
494
1
1
1
1
1
1
1
1
2
2
1
1
1
1
1
1
1646
486
1
1
1
1
1
6
2
2
215
24
172
16
1
1
1
1
1
1
1
1
2
8
1
1
1
1
1
1
2
8
2
2
3
44
1
1
1
3
1
1
1
1
1
1
1
2
2
7
1
4
1
1
2
8
4
48
1
1
1
2
2
2
1
1
1
1
3
9
1
1
1
1
2
1
1
1
1
5
1
1
1
1
5
122
2
3
1
1
1
1
1
1
1
1
1
2
1
1
1
1
1
1
1
1
1
1
1
2
1
1
1
1
5
106
1
1
2
2
173
26
1
1
1
1
2
1
1
1
1
1
1
1
5
1116
1
2
1
1
1
1
1
1
1
1
1
1
1
1
1
1
1
1
2
49
1
1
1
1
1
1
1
1
1
1
10
10
2
6
1
1
1
1
1
1
1
4
1
1
1
1
1
1
1
1
2
2
1
1
1
1
5
2
1
1
1
1
1
1
1
1
1
1
1
1
3
30
1
1
1
1
1
1
1
1
1
1
1
3
1
1
1
1
1
1
1
1
1
1
1
1
2
23
1
1
1
1
1
1
1
1
565
1402
1
1
1
1
1
1
1
1
1
1
2
5
1
3
1
1
1
1
39
1783
1
1
12
239
1
1
1
1
2
29
47
219
1
1
1
1
1
1
1
1
1
1
1
1
1
1
2
4
1
1
1
1
1
1
5
10
1
1
1
1
1
1
1
1
1
1
1
1
1
1
1
5
1
1
6
2
1
1
2
6
1
1
1
1
1
1
2
22
101
606
1
1
1
1
2
2
1
1
1
1
1
1
1
1
1
1
1
1
1
1
1
1
1
1
1
1
1
1
1
1
1
1
1
1
1
1
1
1
1
1
1
1
3
8
1
1
1
1
1945
255
1
3
14
459
1
3
3
2
1
1
1
1
1
1
1
1
1
1
1
1
1
1
1
1
1
1
1
1
1
1
1
1
1
1
1
1
1
1
2
2
1
1
1
1
1
1
1
1
1
1
1
1
1
1
1
1
1
1
1
1
1
1
1
1
1
1
1
1
1
1
2
4
1
1
2
6
1
1
1
1
1
4
2
14
1
5
1
1
1
1
1
1
1
1
1
1
1
1
1
1
1
1
6
4
3
2
2
4
1
1
567
337
1
1
2
4
1
1
1
1
1
1
1
1
1
1
1
1
1
1
1
1
1
1
1
1
1
1
1
1
1
1
1
1
1
2
1
1
1
2
1
1
4
3
2
3
1
1
2
23
1
1
1
1
1
1
1
1
1
1
1
1
1
1
1
1
1
1
1
1
1
2
1
2
1
2
1
1
1
1
2
2
2
6
1
1
3
45
1
1
1
1
1
1
1
1
1
1
1
1
1
1
1
1
1
1
1
1
1
1
3
2
1
1
11
62
2
1
1
1
1
1
1
1
1
1
5
3
1
1
81
350
1
1
1
2
1
1
1
1
1
1
1
1
1
1
1
2
1
2
1
1
1
1
2
6
1
3
1
1
1
1
1
1
2
2
1
1
1
1
1
1
9
3
1
1
1
3
1
1
1
1
1
1
1
1
1
1
1
1
1
1
1
1
1
1
1
1
5
11
1
1
14
203
1
1
2
36
1
1
1
2
2
8
1
1
2
1
1
1
2
5
1
1
1
1
1
1
1
1
1
2
1
1
1
1
1
1
1
1
1
1
1
1
1
1
1
1
1
1
1
1
1
1
1
1
1
1
1
1
1
1
1
1
1
1
1
1
1
1
1
1
1
1
1
1
1
1
1
1
1
2
1
1
1
1
1
1
1
1
1
1
1
2
1
1
1
1
1
1
1
1
1
1
1
1
1
1
1
1
1
1
2
82
2
2
1
1
1
4
2
25
6
1282
4
30
1
1
1
2
1
1
1
1
1
1
11
2
1
1
1
1
1
1
1
1
1
1
1
1
1
1
1
1
1
1
1
1
1
1
1
1
1
1
1
1
1
1
2
2
3
5
1
4
1
1
1
1
3
10
1
1
1
1
1
1
1
1
1
1
1
1
1
1
1
1
4
68
2
2
1
1
2
21
1
1
1
1
1
1
1
1
1
1
1
1
277
20
2
2
1
1
1
1
1
1
1
1
2
2
1
1
1
1
1
1
1
1
1
1
1
1
1
1
1
12
2
6
1
3
1
1
1
1
2
11
1
1
2
2
1
3
1
1
1968
286
1
1
1
1
1
1
1
1
1
1
2
25
1
1
1
1
9
121
1
1
1
1
1
1
1
1
1
1
1
1
1
1
1
1
1
1
1
1
1
1
2
2
1
1
1
1
1
1
1
1
1
1
1
1
1
1
1
1
2
2
1
1
1
1
1
1
2
7
1
1
1
1
1
1
2
2
1
1
1
1
1
1
1
1
1
1
1
1
3
343
1
2
1
1
1
1
1
1
1
1
1
1
1
2
1
2
1
1
1
1
1
1
1
1
28
1356
1
1
1
1
1
1
1
1
79
20
17
245
1
1
1
1
1
1
1
1
1
1
1
1
1
1
1
1
1
1
3
2
1
1
1
1
2
15
1
1
1
1
1
1
1
1
1
1
5
69
1
1
1
1
1
2
1
1
2
2
3
52
1
4
1
1
1
1
1
1
1
1
1
1
1
6
1
1
1
1
1
1
1
1
1
1
1
1
1
1
1
1
2
8
1
1
9
50
1
2
298
32
1
1
2
7
1
1
1
1
1
1
1
1
1
1
1
1
1
1
1
1
1
1
1
1
1
1
1
1
2
2
1
1
1
1
1
1
1
1
2
5
1
1
1
1
1
1
3
4
1
1
1
1
1
1
1
1
2
1
4
62
1
1
1
1
1
1
1
1
1
1
1
1
1
1
1
1
3
11
1
1
1
2
1
1
1
1
1
1
1
1
12
2
1
1
13
118
1
1
1
1
1
1
1
1
3
2
1
1
1
1
3
13
3
20
1
1
1
1
2
36
1
1
1
1
1
1
1
1
1
1
1
1
1
1
1
1
1
1
2
5
1
1
1
5
2
26
1
1
1
1
1
1
1
1
1
1
1
1
1
1
59
662
1
1
1
1
1
1
47
1483
1
1
1
1
2
2
1
1
1
1
1
1
1
1
1
1
1
1
2
1
1
1
1
1
2
11
1
1
1
1
1
1
1
1
2
5
15
4
1
1
1
1
1
1
6
2
1
1
1
1
1
1
32
149
1
1
1
8
1
1
1
1
1
1
2
14
1
1
1
1
1
1
1
1
1
1
1
1
1
1
33
1370
1
1
1
1
1
2
1
1
1
3
1
1
3
24
1
1
1
1
1
1
1
1
1
1
1
1
2
5
1
1
1
1
1
1
1
1
2
5
1
1
3
35
1
1
1
2
2
2
1
1
1
1
1
1
1
1
1
1
1
2
1
1
1
1
1
1
1
2
1
1
1
1
1
1
1
1
2
4
1
1
1
1
2
8
1
1
1
1
1
1
8
206
1
1
5
7
1
1
2
12
1
1
5
46
17
2
1
1
1
1
1
1
1
1
4
96
1
1
1
1
1
1
1
1
1
1
2
8
3
3
1
1
1
1
1
1
1
1
2
1
1
1
1
1
47
297
1
1
1
1
1
1
1
1
1
1
1
1
1
1
1
1
2
2
2
2
1
1
1
1
1
1
1
1
2
12
1
1
1
1
1
1
1
1
1
1
1
1
1
1
1
1
1
1
1
1
81
12
1
1
1
1
5
2
3
53
1
1
1
1
1
1
1
1
2
7
1
1
1
1
1
1
1
1
1
2
20
521
1
1
1
1
1
1
1
1
963
22
2
2
1
1
1
1
1
1
3
2
2
340
1
1
1
4
1
1
1
1
1
1
1
1
1
1
1
1
1
1
1
1
1
1
1
1
1
1
1
1
1
1
1
1
1
2
445
2054
1
1
69
3
1
1
2
2
1
1
1
1
1
1
1
2
97
11
1
1
2
6
31
476
1
1
1
1
1
1
1
1
1
1
1
1
1
1
1
1
1
1
1
1
1
2
1
1
2
1
1
1
12
149
1
1
2
2
1
1
1
1
1
1
1
1
1
1
1
1
1
1
1
1
1
1
4
131
1
1
1
1
25
158
1
1
1
1
1
1
1
1
1
1
1
1
1
1
2
2
1
1
1
1
2
7
1
1
1
1
1
1
1
1
1
1
1
8
1
1
3
10
1
1
1
1
1
1
1
1
1
1
1
1
1
1
1
1
2
1
2
37
1
1
1
1
1
1
1
1
1
1
1
1
1
2
1
1
1041
640
1
1
1
1
1
1
1
1
1
1
1
1
1
1
1
1
1
1
1
1
1
1
3
2
1
1
107
33
4
178
1
1
1
1
1
1
1
1
1
1
1
1
1
1
1
1
1
1
1
1
18
1421
1
1
2
2
1
1
1
1
1
1
1
1
1
1
1
1
1
1
1
1
1
1
1
2
1
1
1
1
22
1586
1
1
1
1
4
15
11
87
1
3
1
1
1
1
1
1
1
1
2
15
1
1
1
1
1
1
1
1
1
1
1
1
1
1
1
1
1
1
1
1
1
1
1
1
1
2
1
1
2
2
1
2
1
1
1
1
1
1
1
1
1
1
1
1
1
2
1
1
1
1
1
1
1
1
1
1
2
2
7
2
2
2
4
3
2
4
2
2
1
1
1
1
1
2
1
1
1
1
1
1
1
1
1
1
1
1
1
1
1
1
1
1
1
1
1
1
1
1
1
1
432
37
1
1
1
1
1
1
3
32
1
4
2
2
2
11
1
1
64
8
1
1
1
1
1
1
2
15
1
1
1
1
1
1
1
1
1
1
1
2
1
1
1
1
607
5
1
1
1
1
1
1
3
18
1
1
1
1
1
1
1
1
3
2
1
1
1
1
2
18
1
1
2
5
2
2
1
1
2
2
1
1
1
1
1
1
1
1
1
2
1
3
1
1
1
1
1
2
1
5
1
1
1
1
1
1
1
1
1
1
1
1
403
21
1
1
2
14
2
5
1
1
1
1
1
1
1
1
1
1
1
3
1
1
1
1
1
1
1
1
1
1
1
1
2
2
1
1
1
1
1
1
2
3
2
5
1
1
1
1
1
1
1
1
1
1
1
1
3
8
1
1
1
1
1
10
1
1
1
1
1
1
3
20
269
24
1
1
1
1
3
1
2
16
1
1
3
916
2
6
3
4
8
72
1
1
1
2
1
1
1
5
1
1
1
1
1
1
1
1
1
1
1
1
3
16
1
1
1
1
1
1
1
1
1
1
2
10
2
28
1
1
1
1
1
1
1
1
1
1
1
1
1
1
1
1
1
1
12
582
1
1
1
1
1
3
8
1357
1
1
1
1
1
1
2
23
1
1
1
1
1
1
1
1
1
1
1
1
1
1
1
1
1
1
2
2
1
1
1
1
1
1
1
1
3
46
1
1
1
1
1
1
1
1
1
1
1
1
2172
954
1
1
1
4
1
1
1
1
1
1
1
1
1
1
2
2
1
1
1
1
1
1
2
8
1
1
1
1
4
50
1
1
1
1
1
3
1
1
1
1
1
5
1
1
1
1
1
1
1
1
1
1
19
171
1
1
1
1
1036
117
1
1
2
36
1
1
1
1
1
1
36
199
1
6
1
1
1
1
1
1
1
1
1
1
1
1
1
1
1
1
2
4
1
1
1
1
1
1
1
1
1
1
1
1
1
1
1
1
1
1
1
1
2
22
1
1
1
1
1
1
1
1
1
1
1
1
1
1
1
1
1
1
1
1
1
1
1
1
1
1
1
1
13
1571
1
1
1
1
1
1
1
1
1
1
1
1
1
2
1
1
1
1
1
1
1
1
1
1
12
301
1
1
1
1
1
1
1
1
2
2
1
1
1
1
36
2
1
1
1
1
1
1
140
2
1
1
1
1
1
2
2
8
1
1
1
1
1
1
3
2
1
1
1
1
1
1
3
9
1
1
1
1
1
1
1
1
1
1
1
1
1
1
5
18
3
2
1
1
2
4
1
1
1
1
1
1
1
1
1
1
1
1
1
1
1
1
1
2
2
13
1
1
1
1
1
1
2
2
1
1
1
1
1
1
1
1
2
8
6
8
1
1
1
1
1
2
1
1
3
7
1
1
1
1
1
1
1
3
1
1
1
1
1
1
1
1
2
32
1
1
1
1
3
2
1
1
1
1
1
1
1
2
1
5
1
1
1
1
1
1
1
1
1
1
1
2
1
1
2
3
1
1
1
1
85
263
1
1
2
2
1
1
1
1
1
1
1
1
1
1
1
1
1
1
1
1
1
4
1
1
1
1
1
1
1
1
1
1
1
1
2
4
1
1
1
1
1
2
1
1
5
12
1
1
1
1
1
5
1
1
1
1
1
1
1
1
1
1
1
1
2
7
1
1
1
1
1
1
1
1
1
1
2
13
1
1
1
1
1
2
2
23
1
2
1
2
1
1
1
1
1
1
1
1
1
1
1
1
2
16
1
1
1
1
2
8
1
1
1
1
1
1
1
1
1
1
1
1
1
1
1
1
1
1
1
1
1
1
13
26
1
1
1
1
1
1
1
1
2
3
2
2
1
1
1
1
1
1
1
1
1
1
1
1
1
2
1
1
1
1
1
1
10
113
1
1
1
1
2
7
1
1
1
1
1
1
24
151
1
1
1
1
1
2
1
1
1
1
1
1
1
1
1
2
1
1
1
1
2
2
1
1
1
1
1
1
1
1
1
2
1
1
1
1
1
1
1
1
6
15
1
1
1
1
1
1
7
2
1
1
1
1
1
1
1
1
1
1
3
40
1
1
1
1
3
7
1
2
25
82
1
1
2
3
1
1
1
1
1
1
1
1
23
133
2
4
1
1
1
1
1
1
1
1
2
2
1
7
1
1
1
1
5
67
1
1
1
1
1
1
1
1
1
1
1
1
1
1
1
1
1
1
1
1
1
1
1
1
1
1
2
4
1
1
1
3
1
1
1
1
1
1
1
1
1
1
2
2
1
1
1
1
1
1
8
54
1
1
1
1
1
1
1
1
1
1
1
1
2
14
2
27
1
1
1
1
60
11
1
1
7
2
1
1
1
1
1
1
1
1
1
1
8
6
1
1
1
1
7
40
1
1
1
1
1
1
1
1
1
1
1
1
3
33
1
1
6
9
1
2
1
1
1
1
1
4
2
1
1
1
1
1
1
1
1
2
1
1
1
1
1
1
1
1
1
2
1
1
1
3
1
1
2
2
1
1
1
1
1
1
1
1
3
14
1
1
1
2
1
1
1
1
1
1
2
2
2
25
2
2
1
1
1
1
1
1
1
1
1
1
1
4
1
1
1
1
1
1
1
1
1
1
1
1
1
5
1
1
2
5
1
1
1
1
1
1
1
1
1
1
1
1
1
1
1
1
1
3
1
1
1
1
1
1
1
1
1
1
1
1
1
1
1
1
1
6
1
1
1
1
1
2
1
1
1
1
1
1
1
2
1
1
1
1
1
1
1
1
1
1
1
1
1
1
4
6
1
1
1
1
1
2
1
1
1
1
1
1
1
1
1
1
1
1
1
1
1
2
2
8
1
1
1
1
1
1
18
183
1
1
1
1
1
1
11
44
1
1
1
1
1
1
1
1
1
1
1
1
1
1
1
1
1
1
1
1
1
1
1
1
1
1
1
1
1
1
1
1
3
7
1
1
1
1
1
1
3
13
1
1
1
1
1
1
1
1
1
3
2
6
1
1
1
1
1
1
1
1
1
1
1
1
1
1
1
1
1
1
1
1
1
1
21
144
1
1
1
1
4
42
1
1
1
1
1
1
1
1
1
1
1
1
1
1
2
18
1
1
1
1
1
1
1
1
1
1
1
1
1
1
2
5
1
1
1
1
1
1
1
1
1
1
49
82
1
1
1
1
3
72
1
1
1
1
1
1
1
1
1
1
1
1
1
1
1
2
1
1
1
1
1
1
1
1
1
1
1
1
1
1
1
1
2
2
1
1
1
1
1
1
1
1
1
1
1
1
1
1
1
1
1
1
1
1
1
1
1
1
2
13
1
1
1
1
1
1
1
1
1
1
1
1
3
8
1
2
1
1
1
1
1
1
1
1
1
1
2
5
1
1
1
2
1
1
1
1
1
1
2
11
2
10
1
1
1
1
1
1
1
1
1
1
1
2
1
2
1
1
1
1
1
1
1
1
1
1
1
1
1
1
1
1
1
1
1
1
1
1
1
1
1
1
5
30
1
1
1
1
1
1
1
5
1
1
1
1
1
1
1
1
1
1
1
5
1
1
1
1
1
1
1
1
1
2
1
1
1
6
2
9
1
1
1
1
1
1
1
1
2
12
1
1
2
2
1
1
1
1
1
1
1
1
3
2
1
1
1
1
1
3
2
18
1
1
1
1
1
1
1
1
1
1
1
1
1
1
1
1
1
1
1
2
1
1
1
2
1
1
1
1
4
20
1
1
1
2
1
1
1
1
1
1
1
1
1
1
1
1
2
5
1
1
1
1
1
1
17
87
1
1
3
35
1
1
1
2
18
5
1
1
1
1
4
2
1
4
2
2
1
1
1
1
1
1
1
1
1
1
1
1
1
1
1
1
1
1
1
1
1
1
1
1
1
1
1
1
1
1
1
1
1
1
2
8
1
1
1
1
4
10
1
1
1
1
1
1
1
1
1
1
1
1
1
1
2
4
1
1
1
1
1
1
484
46
1
1
1
1
1
1
2
3
1
1
1
1
1
1
1
1
1
1
2
3
3
2
1
1
2
9
1
1
2
3
5
179
2
8
1
1
1
1
1
1
1
1
1
1
2
2
1
1
1
1
6
2
1
1
69
571
1
2
1
1
1
1
1
1
1
1
1
1
2
2
1
1
1
1
1
1
1
1
1
1
1
1
1
1
1
1
1
1
3
2
2
6
25
34
1
1
3
72
2
5
1
1
1
1
1
1
1
1
1
1
3
2
1
1
1
1
1
1
1
1
7
18
1
5
1
5
1
1
2
1
1
1
1
1
1
1
2
1
1
1
2
2
1
1
18
183
1
1
1
1
1
1
1
1
1
1
1
1
1
1
1
1
2
4
1
1
1
1
1
1
1
1
1
1
696
127
1
1
1
1
1
3
1
1
1
1
3
23
1
1
1962
506
1
1
1
1
1
1
1
1
1
1
1
1
1
1
8
24
9
410
1
1
1
4
1
1
1
1
1
1
1
1
1
1
1
1
1
1
1
1
1
1
1
1
1
2
2
40
1
1
1
1
1
1
1
1
1
2
1
1
1
1
1
1
1
1
1
1
1
1
1
1
1
1
1
1
2
36
1
1
1
1
1
1
2
1
1
1
1
1
1
1
2
2
2
8
1
1
1
1
1
1
1
1
1
1
1
1
1
1
1
1
2
7
2
11
1
1
1
1
1
1
2
2
1
1
1
1
1
1
1
1
1
1
1
1
1
1
1
3
1
1
1
1
1
1
1
1
2
7
2
2
1
2
1
1
1
1
3
13
1
1
2
13
3
3
2
11
1
1
1
1
1
1
1
1
28
872
2
38
4
9
1
1
1
1
192
1635
2
11
1
1
1
1
1
1
1021
282
1
1
1
1
1
1
2
1
1
1
2
9
878
65
1
1
1
1
3
98
1
1
1
1
31
8
1
1
1
2
1
1
1
1
25
1029
1
7
1
1
1
1
1
1
1
1
1
1
2
2
1
1
1
1
1
1
1
1
1
1
1
9
1
1
1
1
1
1
1
1
1
6
1
1
1
1
1
1
1
1
1
1
1
1
1
1
1
1
1
1
1
1
1
1
1
1
1
1
1
1
1
1
1
1
1
1
1
1
28
150
1
1
2
2
1
1
1
1
2
6
1
1
1
1
1
1
981
170
1
1
1
1
1
1
1
1
1
1
1
1
1
12
1
1
1
2
1
1
1
1
13
81
1
2
1
1
1
1
2
2
1
1
1
3
1
1
1
1
1
1
1
1
1
1
1
1
1
1
1
1
1
1
1
1
1
1
1
2
1
1
1
1
1
1
1
1
2
2
85
263
1
1
1
1
1
1
1
1
1
1
2
2
5
13
1
1
1
1
1
1
1
1
1
1
2
8
2
3
1
1
1
1
1
1
1
1
16
52
1
1
1
1
1
1
1
1
2
10
7
1843
1
1
1
1
1
1
1
1
2
2
1
1
1
1
3
7
1
1
1
1
1
1
1
1
1
1
1
1
1
1
1
1
1
1
1
1
1
1
1
1
1
1
1
1
1
2
1
1
1
1
2
2
1
1
1
1
1
1
1
1
1
1
1
1
1
1
3
9
1
1
1
1
2
33
4
49
1
1
1
1
1
1
1
1
1
1
11
2
3
2
1
1
1
1
1
1
5
39
1
1
1
1
1
1
1
1
1
1
917
111
1
1
1
1
1
1
1
1
1
1
1
1
58
34
1
1
1
1
1
2
1
1
1
1
1
1
1
1
5
98
1
1
2
13
1
2
1
2
2
11
1
1
1
2
2
2
1
1
1
1
1
1
1
4
1
1
1
1
1
1
1
1
2
2
1
1
2
2
1
1
1
1
1
3
1
1
1
1
1
1
1
1
2
26
1
1
2
6
1
1
1
1
1
1
1
1
1
1
1
3
1
1
1
1
1
1
1
1
2
1
2
2
1
1
1
1
1
1
1
1
155
2180
1
2
1
1
1487
129
1
1
21
815
1
1
2
13
1
1
2
3
2
5
1
1
1
1
1
1
1
1
1
1
1
1
2
2
1
1
1
1
1
1
1
1
1
1
1
1
1
1
1
1
1
1
1
1
1
1
1
1
1
1
2
1
1
1
1
1
1
1
1
2
1
1
1
1
2
17
1
1
1
1
1
1
3
2
1
1
1
1
509
188
2
7
1
1
1
1
1
1
1
1
1
1
1
1
1
1
1
1
1
1
3
24
2
30
1
2
1
1
2
2
1
1
4
11
1
1
17
2
1
1
1
1
1
1
1
1
1
1
1
1
1
1
1
1
1
1
1
1
3
93
1
1
1
1
1
1
1
1
1
1
1
1
1
1
2
2
1
1
1
1
1
1
1
1
1
1
2
7
1
6
1
1
624
301
1
1
1
1
1
1
1
1
3
32
1
1
1
1
1
1
1
1
1
1
1
1
1
1
1
1
2
2
5
2
1
1
1
1
1
1
1
2
1
1
1
2
1
1
3
8
1
1
1
1
1
1
1
1
2
12
1
1
18
196
1
1
1
1
1
1
2
4
1
1
2
2
1
1
1
1
1
1
1
1
1
1
1
1
2
5
7
33
1
1
1
2
1
4
1
2
2
2
1
1
1
1
10
77
1
1
1
1
1
1
1
1
2
10
1
1
1
1
2
64
1
1
1
1
1
1
1
1
1
1
1
4
4
40
1
1
1
1
2
6
165
757
1
1
1
1
1
1
462
1201
1
1
1
1
2
2
1
1
2
15
1
1
1
1
1
1
1
1
1
1
1
1
1
2
1
1
1
1
1
1
1
1
1
1
1
1
1
1
1
1
1
1
1
1
1
1
1
1
2
2
1
3
1
5
1
1
1
1
12
45
1
1
1
1
1
1
1
1
3
2
1
1
1
1
1
1
1
1
2
7
1
2
1
1
1
1
1
1
1
1
1
1
2
14
1
1
1
1
2
42
253
38
2
2
1
1
1
1
2
2
2
5
1
1
1
1
1
1
1
1
1
1
1
1
1
1
1
1
1
1
1
1
1
1
17
5
1
2
1
1
1
1
1
1
1
1
1
1
1
1
2
20
1
1
1
1
1
1
1
1
6
674
1
1
1
1
1
5
1
1
1
1
1
1
2
3
1
8
1
1
2
5
1
1
1
1
1
1
1
1
1
1
1
1
1
1
3
15
1
1
1
1
1
1
1
1
1
1
1
1
1
1
86
37
1
1
1
1
1
1
1
1
1
1
1
1
1
1
1
1
1
1
1
1
1
1
1
1
1
2
1
1
1
1
1
1
1
1
1
1
4
14
1
1
1
1
1
1
1
1
1
1
1
1
1
1
1
1
1
1
1
1
1
1
1
1
2
2
1
1
1
1
1
1
1
1
1
1
2
14
1
1
1
1
1
1
1
1
1
1
1
1
1
1
1
5
1
1
1
10
1
1
2
2
14
528
1
1
1
1
1
1
9
14
1
1
1
1
1
1
1
1
3
5
1
1
1
1
1
1
1
1
1
1
1
1
1
1
1
1
5
58
1
1
1637
630
1
1
1
1
1
1
5
34
1
1
1
1
1
1
1
1
1
1
2
3
1
1
1
1
1
1
1
1
1
1
46
54
1
1
1
1
1
1
2
17
1
1
1
1
2
9
1
1
1
1
1
1
1
1
1
2
1
4
2
11
3
2
1
1
1
1
1
1
2
2
1
1
1
1
1
1
1
1
1
1
1
1
1
2
6
23
3
10
1
1
1
1
1
1
1
1
1
2
1
1
1
1
1
1
1
1
2
5
1
1
1
1
1
1
1
1
1
1
1
1
1
1
1
1
1
1
2
2
1
2
1
1
1
1
1
3
1
1
1
1
1
1
579
19
1
1
1
1
2
1
1
1
1
1
5
20
1
1
1
1
1
1
2
2
1
1
1
1
1
2
1
1
85
373
1
1
2
27
5
41
12
366
1
1
1
1
1
1
1
2
1
1
1
1
1
1
1
1
10
11
1
1
1
1
2
5
1
1
1
1
1
1
1
1
1
1
1
1
1
1
1
1
1
1
1
1
1
2
1
1
1
1
1
1
1
1
1
1
1
1
1
1
82
1211
2
7
1
1
1
1
1
2
1
1
1
3
1
1
1
1
1
1
1
1
1
1
1
1
1
1
2
2
2
4
1
1
1
1
1
1
1
1
1
1
1
1
1
2
1
1
1
1
1
1
2
5
1
1
1
1
1
1
1
1
1
1
1
1
2
6
2
2
16
638
1
4
1
1
1
1
1
1
1
1
1
1
1
1
1
1
1
1
1
1
2
2
1
1
1
1
1
1
3
2
1
1
1
1
1
2
1
1
2
4
1
1
1
1
1
1
1
3
1
1
1
1
1
1
1
1
1
1
1
1
3
8
1
1
1
1
1
1
7
22
1
1
1
1
1
1
1
1
2
77
1
3
6
15
1
1
1
1
1
1
1
1
1
1
1
1
2
4
1
1
1
1
1
1
1
1
1
1
1
1
1
1
1
1
1
1
2
24
3
54
1
1
1
1
19
53
1
1
1
1
1
1
2
8
1
1
1
1
1
5
1
2
1
1
1
1
1
1
1
1
1
1
1
1
1
1
1
1
3
4
1
1
8
2
1
1
1
1
1
1
1
3
1
1
1
1
1
1
2
2
1
1
1
1
2
5
1
1
1
1
2
11
1
1
1
1
1
1
1
6
1
4
1
1
1
1
1
1
1
1
1
1
1
1
1
1
1
1
1
1
2
2
1
2
709
132
1
2
1
2
1
1
1
1
1
1
1
1
1
1
1
1
1
1
1
1
1
1
2
2
1
1
1
1
1
5
1
1
1
1
1
1
1
1
1
1
1
1
1
1
2
5
1
1
1
1
1
1
1
1
1
1
1
1
2
4
2
4
1
1
6
59
3
8
1
1
1
2
1
2
2
18
1
2
1
1
2
31
1
1
1
1
23
377
2
67
1
1
1
1
3
11
2
2
2
41
1
1
2
3
2
2
1
1
1
1
2
23
1
1
1
1
1
1
1
1
1
1
1
1
1
1
1
1
1
1
1
1
1
1
1
1
1
2
1
1
1
1
1
1
1
1
3
8
1
1
1
1
1
2
3
6
1
1
1
1
2
38
1
1
1
1
1
6
1
1
2
2
12
4
1
1
2
16
1
1
1
1
1
1
4
2
1
1
1
1
1
2
1
1
1
1
2
3
1
1
1
1
1
1
1
1
1
1
1
1
2
2
1
1
1
6
1
1
1
1
1
2
25
256
1
1
1
1
1
1
1
1
1
1
2
2
1
1
2
2
1
1
1
1
1
1
1
1
2
2
5
206
1
3
1
1
32
856
1
1
1
1
1
1
1
1
1
2
1
1
1
1
1
1
1
1
1
1
1
1
1
1
1
1
1
2
1
1
1
1
2
2
54
915
1
1
1
1
1
1
1
1
1
1
1
1
1
1
1
1
1
1
1
1
1
1
1
1
1
1
1
1
1
1
1
1
1
1
1
1
2
2
1
1
1
1
1
1
1
1
1
1
1
1
1
1
2
2
3
5
1
1
9
28
1
1
1
3
305
145
1
1
2
2
1
1
1
1
1
1
1
1
1
1
1
1
1
10
1
1
1
1
1
1
1
1
1
1
1
1
2
5
1
1
1
1
1
1
1
1
1
1
1
1
1
1
1
1
1
1
1
1
6
31
1
1
1
1
2
2
1
1
2
4
1
1
2
3
1
1
1
1
1
1
1
1
1
1
1
2
1
1
1
1
1
1
1
2
1
1
1
1
1
1
1
1
3
5
1
1
1
1
1
1
126
1706
1
1
1
1
7
43
1
1
1
1
2
2
2
14
1
1
1
1
1
1
1
1
1
1
3
2
2
6
1
1
1
3
1
1
1
1
1
1
279
8
1
1
2
4
1
1
1
1
1
1
1
1
1
1
1
1
2
28
1
1
1
1
1
3
1
1
1
2
1
1
1
1
1
1
1
1
1
4
1
1
1
1
1
1
1
1
11
8
1
1
1
1
1
1
1
2
2
2
1
1
1
1
1
1
1
1
37
23
146
46
1
1
1
1
1
5
1
1
1
4
1236
465
1
1
1
1
1
1
1
1
1
1
1
1
1
1
723
176
2
14
1
1
1
1
1
1
1
1
1
1
1
1
1
1
1
1
1
1
1
1
1
1
1
2
1
1
1
1
1
1
1
1
1
1
2
127
1
1
1522
68
11
84
1
1
1
1
1
1
2
2
1
1
1
1
1
1
2
186
1
1
1
1
1
1
1
1
2
2
1
1
1
1
1
1
2
2
2
9
1
1
1
1
2
13
2
4
1
1
1
1
1
1
1
1
1
1
1
1
1
1
1
1
11
171
2
2
2
4
1
1
1
1
2
3
1
1
1
1
1
1
1
2
1
1
1
1
7
36
1
1
1
1
1
1
1
1
1
1
1
1
1
5
1
1
1
2
2
32
1
1
1
1
1
1
1
1
1
1
1
1
1
1
3
7
1
1
1
1
1
1
1
1
1
1
1
1
2
1
4
34
1
1
1
1
1
1
1
1
3
2
1
4
1
1
1
1
2
3
1
1
1
1
1
1
1
1
1
1
1
1
980
147
1
1
1
1
1
1
1
2
1
1
1
1
1
1
1
1
1
1
1
1
2
2
1
1
2
7
1
1
1
1
1
1
1
1
1
2
2
9
1
1
1
1
1
1
1
1
5
6
1
1
1
1
1
1
1
1
5
8
1
1
1
1
1
1
1
2
2
9
2
2
1
1
1
1
3
2
1
1
1
1
1
1
1
1
1
1
2
5
1
5
1
1
1
1
1
1
1
1
1
1
1
1
1
1
1
1
1
1
1
1
1
2
25
99
1
1
1
1
1
1
1
1
1
1
1
2
1
1
1
1
1
1
2
2
1
1
1
2
76
7
1
1
52
15
2
5
1
2
1
1
1
1
1
1
1
1
1
1
1
1
1
1
1
1
1
1
1
1
1
1
1
1
1
1
14
226
1
1
1
2
1
1
1
1
1
1
1
1
1
1
1
1
1
1
1
1
1
1
1
1
1
1
2
19
1
1
1
3
1
1
1
1
1
1
1
1
1
1
1
1
1
1
1
1
1
3
1
1
1
1
1
1
1
1
1
1
2
14
7
1713
3
4
1
1
1
1
1
1
1
1
1
1
3
19
1
5
1
1
1
1
1
1
2
12
1
1
1
1
25
64
4
37
1
1
1
1
1
1
1
1
1
1
9
37
1
1
1
1
1
1
1
1
2
11
1
1
1
2
1
1
4
18
1
1
2
2
1
1
1
1
19
4
1
1
1
1
1
1
1
1
1
1
1
1
1
1
1
1
1
1
2
1
2
2
1
1
3
2
1
3
1
1
1
1
1
2
1
1
1
1
5
8
1
1
1630
804
1
1
1
1
2
2
1
1
1
1
1
1
1
1
2
5
1
1
1
2
1
1
1
2
2
2
1
1
1
1
1
1
1
1
1
1
1
1
1
1
1
1
2
37
1
1
1
2
1
1
1
1
1
1
1
1
1
1
1
1
1
1
1
1
1
1
1
1
1
1
1
1
1
1
1
1
3
26
1
1
1
1
1
1
1
1
2
2
1
1
1
1
1
1
1
1
1
1
1
6
2
12
1
1
1
1
1
1
1
1
1
1
1
1
1
1
1
1
1
1
4
8
1
1
1
1
1
1
1
1
1
1
1
1
1
1
1
1
1
1
2
2
2
7
1
1
1
1
1
1
1
1
1
1
4
14
2
2
1
1
2
16
11
38
833
893
1
1
1
1
1
1
1
1
1
1
1
2
1
1
1
1
1
1
1
1
1
1
1
1
1
1
1
1
1
1
2
2
1
1
1
1
1
1
1
2
1
1
1
1
1
1
1
2
1
1
2
9
1
1
1
1
1
1
1
1
1
1
1753
890
1
1
1
1
1
1
1
1
1
1
1
1
1
1
1
1
1
1
1
1
6
94
1
1
1
1
3
2
1
1
1
1
1
1
3
20
1
1
1
1
1
1
2
3
1
1
1
1
1
1
1
5
1
1
2
58
1
1
2
10
1
1
1
1
3
2
1
1
1
1
1
1
1
1
3
28
1
1
1
1
1
1
8
30
1
1
1
1
1
1
1
4
1
1
1
1
2
4
1
1
2
6
1
1
1
5
1
1
1
1
1
1
2
36
1
1
1
1
1
1
1
1
1
1
2
7
1
1
1
1
1
1
2
5
1
1
1
1
1
1
1
1
1
1
13
1526
1
1
1
1
1
1
1
1
1
1
2
14
1
1
1
1
1
1
1
2
2
1
2
9
1
1
1
1
1
1
1
1
2
3
2
2
2
4
1490
35
1
1
2
4
1
1
1
1
1
1
1
1
1
1
1
1
1
1
1
1
1
1
1
1
1
1
1
1
1
1
1
1
1
1
12
87
1
1
1
1
1
1
1
1
1
1
2
9
1
1
1
1
1
1
2
2
1
1
1029
215
1
1
1
1
2
5
1
1
1
1
2
28
1
1
2
69
1
1
1
1
1
1
1
2
2
2
1
1
1
1
2
7
1
1
1
1
1
1
1
2
1
1
3
11
1
1
1
1
1
1
2
4
1
1
1
3
498
304
1
1
1
1
1
1
1
1
1
3
1
2
1
1
1
1
1
1
1
1
1
1
1
1
1
1
1
1
1
1
1
1
1
1
1
1
1
1
1
3
1
1
3
8
1
1
1
1
1
2
2
6
1
1
1
1
1
1
1
2
26
166
1
1
1
1
1
2
1
1
1
1
1
1
1
3
1
1
8
8
1
1
1
1
1
1
1
1
1
1
1
1
1
1
1
1
13
125
1
1
1
1
1
1
1
1
2
8
874
570
1
1
1
1
2
9
6
17
1
1
1
1
1
1
1
1
1
1
37
2
2
3
1
1
1
1
1
1
1
1
1
1
3
3
1
1
4
47
1
1
1
1
1
1
1
1
1
1
2
2
1
1
1
1
1
2
1
1
1
1
1
1
1
1
1
1
1
1
1
1
1
2
1
6
35
404
1
1
1
2
1
1
1
1
25
3
1
1
1
4
1
1
2
2
1
1
11
1152
1
1
30
111
1
1
1
2
1
2
1
1
1
1
1
1
10
43
1
1
1
1
2
2
1
1
1
1
1
1
1
1
1
1
1
1
34
2020
1
1
1
1
1
1
1
1
1
1
1
1
1
1
1
1
1
1
1
1
1
1
1
1
2
3
1
1
28
132
1
1
1
1
2
2
1
1
1
1
1
1
1
4
1
1
1
1
1
1
1
1
2
5
1
1
1
1
1
1
1
1
2
2
1
1
2
2
1
1
2
25
1
1
1
1
2
5
1
1
1
1
1
1
1
1
3
1
1
1
1
1
1
1
1
1
1
1
1
1
2
4
1
1
1
1
1
2
1
3
1
1
1
1
1
1
1
1
1
1
1
1
1
1
1
1
1
1
1
1
1
2
1
1
1
1
1
3
1
1
1
1
2
2
1
3
1
1
1
1
1
1
1
1
1
1
1
1
1
1
1
1
1
1
1
1
1
1
1
1
1
1
1
1
1
1
1
2
1
1
1
1
1
1
1
1
1
1
1
1
1
1
410
62
2
7
1
1
2
3
1
1
1
1
1
1
2
2
1
1
583
1040
1
1
1
1
1
3
1
1
1
1
1
1
1
1
1
1
1
1
1
1
1
1
1
1
1
1
1
1
1
1
1
1
1
1
1
1
1
1
1
1
1
1
1
1
1
1
1
1
1
1
1
1
1
1
2
2
1
4
1
1
1
1
1
1
1
1
1
1
2
20
6
76
1
1
1
1
1
1
1
2
1
1
3
2
1
1
1
1
1
1
2
7
1
1
1
1
1
1
1
1
1
1
1
1
1
1
1
1
1
2
1
3
1
1
1
1
1
1
3
2
1
1
1
1
1
1
1
1
1
1
1
1
1
1
2
12
1
1
1
1
1
1
1
1
1
1
2
4
1
1
1
1
1
1
1
1
1
1
1
1
1
1
1
1
1
1
1
1
1
1
1
1
1
2
1
1
1
2
11
146
2
2
1
1
1
1
1
1
1
1
1
1
1
1
19
30
1
1
1
1
126
40
6
3
1
2
1
1
2
2
1
11
1
1
1
1
1
8
1
1
1
1
1
1
1
1
1
1
1
1
1
1
2
7
1
1
1
1
1
1
1
1
1
1
1
1
1
1
1
1
1
1
1
1
1
2
1
1
1127
58
2
2
1
1
1
1
1
1
1
1
2
1
1
2
1
1
1
5
1
1
1
1
1
1
1
1
3
8
1
1
1
1
1
1
4
21
1
1
1
1
1
1
1
1
50
606
1
1
1
1
1
1
2
2
2
11
1
1
1
1
1
1
2
2
1
1
1
1
1
1
1
1
3
12
1
1
6
5
1
1
1
1
1
1
1
5
1
1
1
1
1
1
12
225
1
1
1
1
1
1
3
3
1
1
1
1
2
3
1
1
1
1
1
1
2
2
1
1
1
1
1
1
1
2
1
1
17
331
1
1
2
8
3
6
1
1
1
1
2
2
1
4
1
1
1
1
2
5
2
2
1
1
1
1
1
1
1
1
1
6
130
156
1
1
1
1
1
2
1
1
1
1
1
10
1
1
1
1
1
1
1
1
5
2
1
1
2
2
1
1
2
26
1
1
3
18
1
1
1
1
1
1
3
55
1
1
1
1
3
2
1
1
1
2
1
1
1
1
1
1
1
1
1
1
2
2
1
1
1
1
1
1
2
8
1
1
1
1
1
1
1
1
1
1
1
1
2
2
1
1
1
3
1
1
1
1
1
1
1
1
1
1
1
2
1
1
1
1
1
1
1
2
2
35
2
1
1
1
68
12
5
3
3
4
1
1
1
1
13
113
1
1
1
2
1
1
7
5
1
1
1
1
1
1
1
1
1
1
1
1
3
39
1
7
1
1
1
1
1
1
1
1
1
1
1
1
1
1
1
1
1
1
1
2
1
1
1
1
1
1
1
1
2
35
2
2
1
1
5
4
1
1
1
1
1
1
3
32
2
2
1
1
1
1
1
1
1
2
1
1
1
1
1
1
1
1
1
1
1
1
1
1
1
1
1
2
1
1
1
1
1
1
1
1
1
2
1
1
1
1
1
1
14
93
1
1
1
1
1
1
1
1
1
1
1
1
1
1
1
4
1
1
1
2
1
1
1
1
1
1
1
1
1
1
1
1
1
1
1
1
1
1
1
4
1
1
1
1
3
5
1
1
1
1
2
3
1
1
1
1
1
2
1
1
1164
36
1
1
2
389
2
6
1
1
1
1
1
1
1
1
1
1
1
1
7
86
1
1
1
1
3
13
16
2
326
12
1
1
2
2
1
1
1
1
1
1
2
3
1
1
1
1
1
1
1
2
2
38
1
1
1
1
1
1
1
1
6
9
1
1
2
2
1
1
1
1
1
1
1
1
1
1
1
2
1
1
2
2
1
1
1
1
1
1
1
1
1
1
1
1
1
1
1
1
1
1
1
1
2
9
1
1
1
1
1
1
1
1
1
1
1
1
1
1
1
1
1
1
1
1
1
1
11
314
1
6
2
10
1
1
1
1
1
1
1
1
1
1
1
1
4
2
1
1
1
1
1
1
1
1
1
1
1
1
1
1
1
9
1
11
1
1
1
1
2
9
3
20
1
1
1
1
1
1
1
6
2
4
1
1
1
1
1
1
1
1
1
1
1
1
2
5
1
1
1
1
1
1
1
1
1
1
1
1
1
1
1
1
2
1
1
1
1
1
1
1
1
1
1
1
1
1
1
1
1
1
1
1
1
2
1
1
1
1
1
1
1
1
1
1
1
1
1
1
1
1
2
2
1
1
1
1
1
1
1
1
1
4
1
1
1
1
1
1
1
1
1
1
1
1
1
1
1
1
1
1
1
1
1
1
1
1
1
1
2
10
1
1
2
2
1
1
1
1
1
1
1
1
1
2
1
1
1
1
2
3
1
1
1
1
1
1
1
1
1
1
1
1
1
2
1
1
1
1
4
35
1
1
1
1
1
1
1
1
1
1
1
1
1
1
1
1
1
1
1
1
2
16
1
1
2
2
1
1
2
14
1
1
2
3
1
1
1
1
1
1
1
2
1
4
1
1
1
1
1
1
1
1
433
51
1
1
2
2
5
72
2
16
2
3
5
20
1
1
1
1
1
1
2
2
1
1
9
3
1
1
1
1
1
1
1
1
1
1
1
1
1
1
1
1
1
1
236
81
2
105
1
1
1
1
1
1
1
1
1
1
1
1
360
512
1
1
1
1
1
1
1
1
1
3
2
2
1
1
1
1
1
1
1544
697
2
3
1
1
3
31
1
1
1
1
1
1
1
1
1
1
1238
141
1
1
1
1
1
1
1
1
1
1
1
2
1
1
9
2
1
1
1
1
1
1
1
1
1
1
1
1
1
1
1
1
1
1
1
1
1
1
1
1
1
1
1
1
1
1
1
1
1
1
2
71
1206
77
1
1
1
1
1
1
1
1
1
1
1
1
2
2
1
1
2
4
1
2
46
549
1
1
1
1
1
1
12
282
1
1
1
1
1
1
1
1
1
1
1
1
1
2
1
1
1
1
1
2
1
1
1
1
2
6
1
1
1
1
1
1
5
315
1
1
1
1
1
1
1
1
10
31
1
1
1
1
2
25
6
15
1
1
1
1
1
1
22
110
2
2
1
1
1
1
1
1
1
1
1
1
1
2
1
1
1
1
1
1
1
1
1
1
1
1
1
1
1
1
1
2
1
1
4
30
1
1
1
1
40
1138
1
1
1
1
1
1
4
2
1
1
2
1
1
1
1
1
2
2
1
1
1
1
1
1
1
1
1
1
1
1
1
1
1
1
1
1
1
1
1
1
1
1
1
1
1
1
1
1
1
1
1
1
1
1
1
1
2
2
1
1
1
1
1
1
5
27
1
1
1
3
1
1
1
2
1
1
2
7
1
1
1
1
1
1
1
1
1
1
1
1
1
1
1
1
1
1
4
81
1
1
1
1
2
41
1
5
1
1
178
2
1
1
1
1
1
1
1
1
1
1
1
1
1
1
2
2
1
1
1
1
1
1
1
1
1
1
1
1
1
1
1
1
1
1
1
1
2
1
1
1
1
1
1
1
1
1
2
14
1
1
2
2
1
2
2
4
1
1
1
1
1
1
1
1
1
1
1
1
1
1
1
1
1
1
1
1
1
1
3
4
1
1
4
15
1
1
1
1
1
1
1
6
5
2
1
1
1
2
4
9
1
1
1
1
1
1
1
1
1
1
1
1
1
1
1
1
1
1
1
1
1
1
1
1
1
1
1
1
3
66
4
2
1
1
1
1
1
1
1
1
10
142
1
1
20
330
1
1
1
1
1
1
1
2
2
1
2
141
1
1
2
3
4
7
1
1
1
1
1
1
1
1
1
1
1
1
2
17
1
1
4
55
1
1
1
1
1
1
1
1
1
1
1
1
1
1
1
1
1
1
1
1
29
126
1
1
1
1
1
1
1
1
1
1
1
1
1
1
1
1
1
2
1
1
1
1
1
1
1
1
1
9
1
1
1
1
1
1
1
1
1
1
1
1
1
2
1
1
1
1
2
1
1
2
5
9
1
3
1
1
1
1
499
129
1
1
1
4
1
1
1093
164
1
1
1
1
1
1
1
1
1
1
1
1
1
1
1
1
1
1
1
1
3
2
1
1
1
1
1
1
2
2
1
1
1
1
1
1
1
1
2
7
8
30
1
1
1
1
1
1
1
1
1
1
1
1
1
1
1
1
12
497
1
1
1
1
1
1
1
1
1
4
1
1
1
1
1
1
1
1
1
1
2
2
1
2
1
1
1
1
1
1
1
1
1
1
1
1
1
1
1
1
1
1
1
1
1
1
1
1
1
1
1
1
1
1
371
2135
1
1
1
1
1
1
1
1
1
1
1
1
4
21
1
1
1
1
1
1
1
1
1
1
1
1
1
1
1
1
1
1
1
1
2
2
43
321
1
1
1
1
1
1
2
2
1
1
3
23
1
1
1
1
1
1
1
1
2
8
7
89
1
1
1
1
171
35
1
1
2
3
1
1
1
1
1
1
1
1
1
1
1
2
1
1
1
1
1
1
1
1
3
12
1
1
2
13
1
1
1
1
1
1
1
1
1
1
1
1
2
12
2
2
1
1
1
2
1541
1040
1
1
1
1
1
1
1
1
1
1
1
1
1
1
1
1
1
1
1
1
1
1
1
3
1
1
1
1
1
1
1
1
1
1
1
1
1
1
1
1
1
1
2
30
1
1
2
2
4
53
15
179
20
210
1
1
1
1
1
1
1
1
1
1
1
1
1
1
2
5
1
1
1
1
2
1
1
1
7
376
1
1
1
1
1
4
1
1
1
1
1
2
1
1
1
1
1
2
2
5
1
1
1
1
1
1
3
59
1
4
1
3
1
1
1
2
1
2
1
1
677
630
1
1
2
2
2
2
1
1
1
1
3
15
1
1
1
1
1
1
1
1
1
1
1
1
2
3
1
1
4
18
3
7
92
14
1
1
1
1
1
1
1
2
1
1
1
1
1
1
2
67
1
1
1
1
1
1
1
1
1
2
1
1
1
5
1
6
1
1
1
1
1
1
1
1
1
2
2
2
1
1
49
401
1
1
1
1
2
7
1
1
1
1
1
1
1
3
3
2
1
1
1
1
1
1
1
1
1
1
1
1
1
1
2
5
1
1
1
1
1
1
1
1
3
53
1
1
1
1
1
1
2
1
1
1
1
2
1
1
1
1
1
1
1
1
1
1
1
1
667
175
1
1
1
1
1
1
1
3
1
1
1
1
1
1
2
18
2
2
1
1
1
1
1
2
1
2
1
8
1
1
1
1
1
1
1
1
1
1
1
1
1
1
2
6
1
1
4
2
1
1
1
1
1
5
1
1
1
1
1
2
2
27
8
79
1
4
1
1
1
1
2
2
1
1
1
1
1
1
1
1
1
1
1
1
2
8
1
1
1
1
1
1
5
9
1
1
2
24
1
1
1
1
124
77
1
1
1
1
1
1
1
1
1
4
1
1
1
1
1
1
1
1
1
1
1
1
1
1
1
1
1
1
1
1
2
3
1
1
2
2
1
1
1
1
1
1
1
1
1
1
1
1
1
4
1
2
1
1
1
1
1
1
1
1
1
1
1
1
1
6
1
1
1
1
1
1
1
1
1
1
1
4
1
1
1
1
15
1216
1
1
1
1
1
1
1
1
1
1
1
1
1
1
2
7
1
1
2
2
1
1
1
1
1
1
1
3
1
1
6
100
2
5
5
34
1
1
1
1
94
2
1
2
1
1
1
2
15
30
1
1
2
9
1
1
1
1
1
1
1
1
1
1
1
1
1
1
1
1
1
1
1
1
1
1
1
1
2
4
1
1
2
2
1
1
1
1
1
1
1
1
1
1
1
1
1
1
1
1
1
1
2
2
1
1
2
2
1
1
1
2
1
1
1
1
1
1
1
1
1
1
1
1
2
5
1
1
1
1
1
1
1
1
162
133
1
1
2
1
1
1
1
1
4
10
1
1
1
1
1
1
175
1566
1
1
1
7
1
1
1
1
1
1
2
2
1
1
2
9
1
1
2
19
1
11
1
1
1
1
1
1
1
1
1
3
1
1
1
1
1
1
1
1
1
1
1
1
1
1
1
1
1
1
1
1
990
439
1
1
1
1
1
1
1
1
3
2
1
2
1
1
1
1
1
1
1
1
1
1
1
1
1
1
1
2
1
1
631
5
1
1
1
1
1
1
2
2
1
1
1
1
1
1
1
1
1
3
1
1
1
8
1
1
1
1
1
6
2
24
1
1
12
121
1
2
2
6
1
1
2
7
1
1
1
1
1
6
5
18
1
2
1
1
1
1
88
455
1
1
1
1
1
1
1
1
31
378
1
1
1
1
1
1
3
2
1
1
1
1
1
1
1
2
1
1
1
1
1
1
1
2
1
1
2
6
1
1
1
1
1
1
1
1
2
3
1
1
1
1
1
1
2
16
3
4
72
32
1
1
1
1
1
1
2
2
1
1
1
1
1
1
1
1
1
1
1
1
334
69
1
1
2
493
1
1
1
1
1
1
1
1
1
1
1
1
1
1
1
1
1
4
1
1
1
1
1
1
2
2
1
1
1
1
2
6
1
1
16
1265
1
1
1
1
1
1
1
1
1
1
1
1
1
1
1
1
1
1
1
1
1
1
1
1
1
1
1
1
1
1
1
1
1
1
1
1
1
1
1
1
643
404
1
1
1
1
1
1
1
1
1
1
4
2
1
1
1
3
1
1
1
1
1
1
1
4
1
1
1
1
1
1
1
2
5
2
1
1
1
1
1
1
1
1
1
1
1
1
2
2
2
38
9
135
1
1
4
42
1
1
1
1
1
1
1
1
1
1
1
1
4
23
1
1
2
2
1
1
1
1
1
1
1
1
1
1
1
1
1
1
2
6
1
1
2
3
1
1
1
1
1
1
1
1
1
1
402
159
5
13
1
1
1
1
1
1
1
1
1
1
1
1
954
124
1
1
32
13
1
1
1
1
2
3
986
102
1
1
1
1
3
72
1
1
2
7
1
1
1
1
1
3
1
1
1
1
1
1
1
2
11
45
2
2
2
34
3
5
4
139
1
1
3
37
1
1
1
1
1
1
1
1
1
1
1
1
1
1
1
1
2
12
1
1
1
1
1
2
1
1
1
1
1
1
1
1
4
98
1
1
1
1
6
97
1
1
2
3
6
58
8
63
1
1
1
1
1
1
4
26
2
8
1
1
1
1
1
1
1
1
1
1
1
1
2
2
1
1
1
1
1
1
1
1
1
1
1
1
1
1
1
1
1
1
1
1
1
1
33
7
1
1
1
1
1
3
1
1
1
1
1
1
11
2
1
1
1
1
1
1
1
1
1
1
1
1
1
1
1
1
1
1
1
1
1
1
1
2
1
1
1
1
1
1
1
1
1322
218
1
1
1
1
3
4
1
1
1
1
1
1
1
1
1
1
1
1
2
2
1
1
1
1
1
1
1
1
1
2
6
6
1
1
3
5
1
1
1
1
1
1
2
2
1
1
4
39
1
1
1
2
1
1
1
1
1
1
1
1
1
1
2
24
1
1
1
1
1
1
1
1
13
473
1
1
1
1
8
5
1
1
1
1
1
1
1
2
2
2
2
44
1
1
1
1
1
1
1
4
1
1
1
1
1
1
1
1
1
1
1
1
1
4
1
1
1
1
1
1
1
1
167
10
1
1
2
5
1
1
1
1
1
1
1
2
1
1
1
1
14
14
2
2
1
1
1
1
1
1
1
1
1
1
3
3
11
8
1
1
1
1
1
1
1
1
1
1
2
4
16
72
1
1
1
1
1
1
1
1
1
2
1
1
1
1
1
1
2
2
1
1
1
1
3
42
1
1
2
19
9
48
1
1
1
1
1
1
4
2
1
1
1
1
1
1
1
1
1
1
2
1
1
1
1
1
676
157
1
1
1
1
1
1
1
4
1
1
1
1
1
1
2
8
1
2
1
1
4
2
1
1
1
1
1
1
1
1
1
1
1
1
1
1
1
1
1
1
1
1
20
392
1
1
1
1
1
1
1
1
1
1
1
1
1
1
1
1
1
1
1
1
1
1
1207
414
1
1
1
1
1
2
2
12
1
1
1
1
1
1
1
1
1
1
15
787
1
1
1
1
3
33
1
1
1
1
1
1
2
28
5
2
1
1
1
1
2
10
1
1
2
2
1
1
1
1
1
1
1
1
1
1
1
1
1
1
1
1
1
1
1
1
1
4
1
1
1
1
1
10
1
1
2
2
1
1
1
1
1
1
1
10
1
1
1
1
1
1
1
1
1
1
1
1
2
2
1
1
1
1
1
1
1
10
1
1
1
1
1
1
2
28
1
1
1
1
1
1
1
1
1
4
1
1
1
1
1
1
2
7
1
1
1
1
1
4
1
1
2
2
1
1
1
1
1
1
1
1
1
1
2
2
1
1
3
14
2
2
1
1
1
1
1
1
1
1
1
1
1
1
2
8
1
1
1
1
3
67
1
1
1
1
1
1
1
1
1
2
1
1
1
1
1
1
1
1
2
5
1
1
1
1
1
1
16
678
1
1
1
1
1
1
1
1
1
2
1
1
1
1
2
2
2
1
1
1
1
1
1
1
1
1
1
1
151
109
1
1
1
1
1
1
1
1
2
2
2
2
1
1
1
1
1
1
2
38
1
1
1
1
9
5
1
1
2
2
2
2
1
1
1
5
4
2
1
1
3
14
7
133
3
8
3
6
1
1
1
2
1
1
1
2
1
1
39
148
1
1
1
1
1
1
1
1
1
1
1
1
1
1
1
1
1
1
1
1
1
1
1
1
1
1
1
1
1
1
1
1
1
1
1
1
1
1
1
1
2
4
1
1
1
2
2
2
1
1
1
1
1
1
1
1
1
1
1
1
1
1
1
1
17
25
5
13
1
1
1
1
2
7
2
17
1
1
1
1
3
4
1
1
1
1
1
1
1
1
1
1
1
1
1
1
1
1
1
1
1
15
7
31
1
1
1
1
1
1
1
1
1
1
1
1
1
1
1
1
5
2
1
1
1
1
1
1
1
1
1
4
2
3
1
1
1
5
1
1
1
1
1
1
1
1
1
1
1
1
1
1
1
1
1
1
100
14
1
1
2
10
1
1
1
1
1
1
2
7
1
1
1
1
1
1
1
1
1
1
1
1
1
1
1
1
1
1
208
39
3
2
1
1
1
1
1
1
1
1
1
1
1
1
2
2
1
1
2
5
1
1
1
1
1
1
1
1
1
1
1
1
1
1
1
1
1
2
1
1
1
1
3
14
1
1
1
1
1
1
1
1
1
1
63
389
1
1
1
1
1
2
3
2
1
1
2
4
1
1
4
8
1
1
1
1
1
1
1
4
2
8
1
1
1
1
1
1
1
1
1
1
2
1
1
1
1
1
30
220
1
1
2
2
1
1
3
13
1
1
1
2
1
5
1
1
1
1
1
1
1
2
27
6
10
59
1
1
1
1
1
1
3
2
2
93
2
1
1
1
1
1
1
1
2
2
2
8
1
1
1
1
1
1
1
1
1
6
1
1
1
1
1
1
1
1
1
1
1
1
2
2
1
1
1
1
1
1
531
166
1
1
1
1
1
1
2
9
1
1
1
1
1
1
1
3
1
1
1
1
2
2
1
1
1
1
1
1
1
1
1
1
17
431
1
1
1
1
7
31
1
1
1
3
1
1
1
1
1
4
1
1
2
2
1
1
1
1
579
14
1
1
1
1
1
2
1
1
1
1
1
1
4
17
1
1
1
1
3
22
1
1
1
1
1
1
7
24
1
1
1
1
1
1
1
1
2
24
2
2
1
1
1
1
2
2
1
1
1
3
1
1
1
1
1
1
1
1
1
1
1
4
1
1
150
5
1
1
1
1
1
1
1
1
1
1
1
1
1
5
1
1
1
1
1
1
2
54
1
1
1
1
1
1
1
1
1
1
1
1
1
1
1
1
1
1
2
11
1
1
1
1
2
36
1
1
1
1
1
1
1
1
1
1
9
30
1
1
1
1
1
1
1
1
1
1
4
37
1556
203
1
1
1
1
1
1
1
2
1
1
1
1
1
1
29
135
1
1
1
1
1
1
2
6
2
2
1
1
1
1
1
1
1
1
1
1
1
1
1
1
2
2
1
1
1
1
1
1
42
26
1
1
1
1
1
1
1
1
1
1
3
9
1
1
1
3
1
1
3
10
1
6
1
1
1
1
49
1368
1
1
1
1
1
1
11
633
1
1
1
1
1
2
1
1
1
1
1
1
1
1
1
1
1
1
1
1
1
1
1
1
1
1
1
1
1
1
2
2
1
1
15
538
3
8
2
1
1
1
1
1
1
1
1
1
1
1
2
24
1
1
1
1
1
1
1
1
1
1
1
1
1
1
1
1
1
1
1
1
1
1
1
1
1
1
1
1
1
1
1
1
1
2
1
1
2
17
1
1
1
1
1
1
1
1
30
561
1
1
2
13
1
1
1
1
1
1
2
8
1
1
1
1
2
2
5
4
3
2
1
1
1
1
1
1
1
1
1
1
1
1
1
1
2151
377
1
1
1
1
1
2
1
1
3
7
1
1
1
1
1
9
1
3
2
27
20
2
1
6
1
1
1
1
1
1
1
1
1
1
1
1
1
1
1
1
1
1
1
1
1
1
1
1
2
12
1
2
1
3
1
1
1
1
75
616
1
1
1
1
1
1
1
1
1
1
1
1
1
1
64
15
1
1
1
1
1
1
1
1
11
16
2
7
1
1
1
1
1
1
1
1
1
1
1
3
1
1
1
1
1
1
1
1
1
1
1
1
2
3
1
1
1
1
1
1
1
1
1
1
1
2
1
1
1
1
1
1
1
1
1
2
1
1
1
1
2
3
1
1
1
1
1
1
1
2
6
2
1
1
1
1
1
1
1
1
1
1
1
1
1
1
1
1
1
1
1
1
1
1
1
1
1
1
6
7
1
1
1
1
1
1
1
1
1
1
1
1
1
1
1
1
1
1
1
1
2
3
1
1
62
12
2
2
1
1
1
1
1
1
1
1
1
1
1
1
1
1
1
1
1
1
1
1
1
1
1
1
1
1
2
2
1
1
1
1
1
4
1
1
1
1
1
1
1
1
1
1
2
3
1
1
1
1
1
1
1
1
2
1
7
1539
1
1
2
6
36
2
1
1
1
1
1
1
1
1
1
1
1
1
1
1
7
11
1
1
1
2
3
8
1
1
1
1
1
1
1
1
1
1
1
2
1
1
2
2
16
990
2
5
5
3
1
1
2
33
14
35
1
1
1
1
1
1
1
1
1
1
1
1
2
2
1
1
10
27
1
1
1
1
1
1
55
150
1
1
1
1
2
2
1
1
1
1
319
74
1
1
1
1
27
4
1
1
1
1
1
1
1
1
1
1
1
1
1
1
1
1
1
1
1
1
1
1
1227
184
1
2
1
1
1
1
2
2
1
1
1
1
2
20
1
1
1
1
1
1
2
2
1
1
1
1
1
1
1
1
1
1
1
1
2
2
1
1
1
1
1
1
1
2
1
1
1
1
1
1
1
1
1
1
2
2
2
3
1
1
1
1
1
1
1
1
1
1
1
1
2
2
1
1
1
1
1
1
1
1
1
1
1
1
1
1
1
1
1
1
1
1
1
2
1
1
1
1
1
1
1
1
13
445
1
1
4
29
1
1
1
1
1
8
1
1
1
5
1
1
1
1
2
2
1
1
2
6
1
1
2
82
3
284
1
1
1
1
1
1
1
1
1
1
1
1
1
1
1
1
1
1
6
2
1
1
1
1
1
1
1
1
1
1
1
1
1
1
1
1
1
1
1
1
1
1
1
1
1
1
1
1
1
1
1
1
1
1
1
1
1
1
1
1
1
1
1
1
1932
877
1
1
1
1
1
1
1
1
1
1
1
1
2
6
1
1
1
1
1
1
1
1
2
2
461
480
1
1
1
1
1
1
1
1
1
1
1
1
1
1
1
1
1
1
1
1
1
1
2
2
1
1
1
1
2
16
1
1
1
1
1
1
1
1
1
1
3
4
1
6
1
1
1
1
4
35
1
1
1
1
3
6
1
1
1
1
1
1
1
1
1
1
1
1
1
1
1
1
1
1
1
1
1
1
1
1
1
1
2
4
1
1
9
1440
1
1
1
1
1
1
1
1
1
1
1
1
1
1
1
1
1
1
1
1
1
1
1
1
1
1
1
1
1
1
1
1
1
1
1
1
1
1
1
1
1
1
1
1
1
1
1
1
184
170
2
18
2
3
1
1
1
1
1
1
2
11
1
1
1
1
1
4
1
1
2
2
1
1
1
1
2
33
2
10
1
1
1
1
1
1
1
1
1
2
1
1
1
1
1
1
1
1
1
1
1
1
1
1
1
1
1
2
2
8
4
879
1
1
3
30
1
1
1
1
1
1
2
5
1
1
1
1
2
2
1
1
1
2
3
5
1
2
2
42
1
1
1
1
1
1
1
1
1
2
1
1
1
1
1
1
1
1
1
1
4
12
1
1
1
1
1
1
2
13
1
1
1
1
1
1
1
1
1
1
1
1
1
1
1
1
1
1
1
1
2
2
244
49
1
2
3
2
1
1
1
10
2
19
2
2
1
1
3
3
1
1
1
1
4
2
1
1
1
1
2
17
11
72
1
1
1
1
1
1
8
2
1
1
1
1
1
1
1
2
4
4
1
1
1
1
1
1
165
2108
1
1
1
1
1
2
1
1
1
1
1
1
1
1
1
1
1
1
1
1
1
2
1
1
8
3
1
1
1
1
1
1
1
1
1
1
1
1
1
1
1
1
1
1
305
67
1
1
1
1
1
2
1
1
1
1
1
2
3
18
3
8
1
1
1
1
1
1
2
2
1
1
11
89
2
2
1
1
1
1
2
2
1
1
1
1
1
1
2
2
1
1
1
2
1
1
1
1
1
1
1
1
1
1
1
1
2
5
1
1
1
1
1
1
1
1
1
2
1
1
4
77
1
1
1
1
1
1
1
1
1
1
1
1
1
1
1
1
1
1
2
2
31
104
2
2
1
1
1
1
1
1
1
1
3
2
1
1
1
1
1
1
2
2
1
1
3
7
1
1
1
1
2
17
1
1
3
12
1
1
1
1
1
1
1
1
1
1
1
1
1
1
1
1
1
1
1
4
1
1
1
1
1
1
1
1
1
1
1
1
1
1
1
1
27
796
1
1
1
2
1
1
1
1
1
4
1
1
1
1
1
1
562
1998
1
1
1
1
2
2
1
1
1
1
1
1
1
1
47
2
3
2
1
1
1
1
1
1
1
1
1
1
1
1
1
1
1
1
2
2
1
1
1
1
1
1
1
1
1
1
1
1
1
1
1
1
1
1
1
1
1
1
1
1
1
1
1402
149
1
1
1
2
1
3
1
1
1
1
1
1
1
1
6
125
1
1
1
1
1
1
1
1
1
1
1
1
1
1
1
1
5
8
1
2
14
139
5
71
1
1
1
1
2
2
2
20
1
1
2
2
1
1
1
1
1
1
1
1
1
1
1
1
1
1
1
1
1
1
1
1
1
1
1
1
1
1
2
3
2
2
1
1
1
1
1
1
1
1
1
1
2
6
1
1
1
1
1
1
1
1
1
1
1
1
2
2
1
1
1
1
1
1
1
1
1
7
1
5
3
8
1
1
1
1
1
1
1
1
11
105
1
1
2
10
41
279
1
1
1
1
1
6
1
1
1
1
1
1
1
1
1
1
1
1
1
1
1
1
4
18
1
1
11
29
2
2
17
6
1
1
1
1
2
2
7
5
1
1
1
1
1
1
1
1
1
1
1
1
1
1
1
1
1
1
1
1
1
1
2
3
1
1
1
1
1
1
1
1
1
1
1
1
3
2
2
4
1
1
2
2
1
1
1
1
1
1
1456
1167
1
1
1
1
1
1
31
519
1
2
1
1
1
1
1
1
2
2
1
1
2
1
2
2
1
1
1
1
1
1
2
17
2
10
21
199
1
1
2
71
2
11
1
1
1
1
3
6
7
26
3
1
1
1
6
73
1
1
1
1
1
1
1
1
1
1
1
1
1
5
7
69
1
1
1
1
1
1
1
1
1
1
1
2
1
1
1
1
1
1
1
1
1
1
1
1
1
1
1
1
1
1
1
1
1
1
1
1
1
1
1
1
1
2
1
1
65
17
1
1
1
2
1
1
3
102
1
1
1
1
1
1
1
1
1
1
1
1
3
4
6
2
1
1
1
1
1
1
1
1
1
1
1
1
1
1
1
3
1
2
3
8
2
2
1
1
1
1
1
1
1
1
1
1
1
1
5
17
1
1
1
1
2
10
1
1
2
6
1
1
1
1
1
1
1
1
2
2
1
1
1
1
1
1
1
3
1
6
1
1
9
157
1
1
1
1
1
1
1
1
2
6
1
1
1
1
1
1
5
20
2
303
1
1
1
1
1
1
1
1
4
11
1
1
1
1
1
1
2
2
1
1
1
1
1
1
1
1
1
1
1
1
1
1
1
2
1
1
1
1
1
1
1
1
1
1
1
1
1
1
2
12
1
1
1
1
1
1
1
1
1
4
1
1
1
1
1
1
1
1
1
1
2
25
1
1
1
1
1
1
1
6
1
2
1109
1124
1
1
29
1116
1
1
1
1
6
50
1
1
1
1
2
1
1
1
1
1
1
1
1
1
2
2
2
65
1
1
1
1
1
1
1
1
1
1
2
2
1
1
1
1
1
2
1
1
1
1
1
1
29
2
1
1
1
1
1
1
1
1
2
7
1
1
1
1
1
1
1
1
1
1
1
1
1
1
1
1
2
8
1
2
1
1
1
1
1
1
1
1
1
1
1
1
1
4
1
1
2
26
1
5
1
1
1
1
1
3
1
3
3
8
1
1
1
1
1
2
1
1
1
1
1
1
3
4
2
20
1
2
1
5
1
1
5
7
1
1
1
1
1
1
4
11
2
4
1
4
1
1
2
27
1
1
1
1
1
1
1
1
1
1
2
5
2
5
3
57
1
1
1
1
2
74
1
1
1
1
1
1
1
1
1
1
1
1
1
1
1
1
1448
407
1
1
18
237
1
1
1
1
1
1
1
1
1
1
1
1
1
1
3
18
1
1
528
213
1
1
2
9
1093
41
1
1
1
1
1
1
2
2
1
1
1
1
1
1
2
5
1
1
2
21
1
1
1
1
2
2
1
1
1
1
1
1
1
4
3
2
1
1
1
1
2
3
1
1
1
1
1
1
1
1
1
1
1
1
1
1
1
1
1
2
1
1
1
1
1
1
1
1
1
1
1
1
1
1
4
5
1310
970
2
26
1
1
2
2
1
1
1
1
1
1
1
1
1
1
3
10
1
1
1
1
1
1
1
4
1
1
1
1
1
1
1279
121
1
1
1
6
1
2
10
11
4
4
1
1
1
1
1
1
1
1
1
1
1
1
1
3
1
1
1
1
364
63
1
1
2
2
1
2
488
26
1
1
1
1
1
1
1
1
1
2
1
1
1
1
2
12
1
1
1
1
1
2
1
1
1
2
1
1
2
104
1
1
1
1
9
415
1
1
1
1
3
13
1
1
1
1
18
838
1
1
1
2
1
5
1
2
1
2
1
1
1
1
1
1
1
1
1
1
8
989
1
1
1
1
1
1
1
1
11
16
1
1
1
1
1
1
1
2
1
1
1
1
1
1
1
1
1
1
1
1
1
1
1
1
1
1
1
1
1
1
1
1
1
10
1
1
1
1
1
1
7
98
1
1
1
1
1
6
1
1
1
1
1
1
1
2
1
1
1
1
1
1
1
1
1
1
1
1
1
1
1
1
1
1
1
1
1
1
1
1
1
1
1
1
1
1
1
1
1
1
1
1
1
1
16
660
1
1
1
2
1
1
1
1
1159
119
1
1
1
1
1
1
2
8
2
9
1
2
2
2
1
1
1
1
1
1
1
1
1
1
1
1
1
1
2
22
1
1
1
1
1
1
1
1
1
1
1
1
1
1
1
1
1
1
1
1
1
1
1
1
1
1
1
1
1
1
1
1
1
1
2
12
1
1
1
1
1
1
1
1
1
1
1
1
1
1
1
1
1
1
1
1
1
2
1
1
2
710
2
3
2
2
1
1
1
1
1
2
1
1
1
1
1
6
1
1
4
2
1
1
1
1
592
275
1
1
1
1
1
1
1
1
1
1
1
1
1
1
1
1
1
2
2
2
1
1
1
1
1
1
338
71
1
1
1
4
3
50
1
5
1
1
1
1
1
1
3
9
1
1
1
1
1
1
1
1
1
1
1
1
1
1
1
1
3
8
1
1
11
76
1
1
14
109
1
1
2
11
2
4
1
1
1
1
1
1
5
21
1
1
1
1
1
1
1
2
3
10
1
1
1
1
1
1
1
1
2
2
4
2
1
1
1
1
1
1
1
1
1
3
3
36
2
5
1
1
1
1
1
1
8
1454
1
1
1
1
3
2
1
1
1
1
1
1
1
1
1
1
1
1
1
1
1
1
1
1
3
5
1
1
1
1
2
11
1
1
1
1
1
1
1
1
1
1
1
2
2
6
1
1
1
1
1
1
1
1
1
1
1
1
1
1
1
1
1
1
1
1
37
4
1
1
1
2
1
1
1
1
1
1
1
1
1
1
1
1
1
1
1
1
1
1
1
1
3
19
1
1
1
1
1
1
2
1
2
4
1
1
1
1
1
1
1
2
1
1
1
1
1
1
1
1
1
1
1
1
28
3
3
14
1
1
1
1
1
1
1
7
1
1
1
1
1
1
1
1
1
1
1
1
2
9
1
1
1
1
5
2
1
1
1
1
1
1
1
1
1
1
1
1
1
1
1
1
1
1
1
1
1
1
1
1
1
1
1
1
1
1
6
12
1
1
1
1
1
1
1
1
1
1
1
1
5
12
1
1
1
1
1
1
1
1
1
1
1
8
1
1
29
110
12
40
1
1
476
524
1
1
1
1
18
1255
1
1
1
1
1
1
1
1
1
1
1
4
1
2
1
1
1
1
1
1
1
1
1
1
1
12
1
1
9
3
2
7
1
1
5
414
1
1
1
1
1
1
2
2
1
2
1
1
1
1
1
1
90
22
1
1
1
1
1
1
1
1
2
34
1
1
1
1
1
1
1
1
1
1
1
1
1
1
1
1
1
1
1
1
2
2
1
1
1
8
1
1
10
10
1
1
1
1
1
1
1
1
2
8
1
1
11
116
1
1
1
1
1
1
1
1
2
3
1
1
1
1
1
1
1
1
1
1
1
1
1
1
2
4
1
1
1
1
1
1
1
1
2
6
1
1
1
1
1
1
2
2
1
1
2
2
2
1
1
1
1
1
1
1
1
1
1
1
1
1
1
1
1
1
1
1
9
3
1
1
1
2
1
1
1
1
2
3
1
1
1
1
2
2
71
599
581
1356
1
1
1
1
2
68
8
12
1
1
1
1
1
1
1
1
1
1
1
1
1
1
1
1
1
2
2
2
1
1
3
9
1
1
1
1
1
1
1
1
1
1
1
1
1
1
5
2
1
1
1
1
1
1
1
1
1
2
2
23
1
1
1
1
1
1
1
1
1
1
1
1
1
1
1
1
1
1
1
1
1
1
1
1
2
122
1
2
1
1
1
1
1
1
1
1
1
1
1
2
1
2
2
3
1
1
1
1
19
1364
1
1
15
630
3
8
1
1
1
1
1
1
1
1
2
2
1
1
2
6
1
1
1
3
1
1
1
1
1
1
1
1
1
1
1
2
1
1
2037
937
1
1
1
1
2
2
1
1
2
2
5
26
1
1
3
12
1
1
1
1
2
14
1
1
1
1
1
1
1
1
1
1
1
1
1
1
3
2
1
1
1
1
1
1
2
14
5
17
1
3
1
1
1
1
1
1
5
37
1
1
1
1
1
1
1
1
1
1
1
1
1
1
1
1
1
3
8
36
1
1
1
1
1
1
1
1
1
1
1
3
1
1
1
4
1
1
1
1
1
1
2
2
1
1
1
1
2
2
1
1
1
1
1
1
1
1
1
1
1
1
1
1
1
1
1
2
1
1
1
1
1
1
1
1
1
1
1
1
1
1
1
8
1
1
2
2
1
1
1
1
1
1
1
1
1
1
4
22
1
1
1
1
1
1
1
1
1
1
2
33
1
1
1
1
1
1
1
1
1
1
3
1579
1
1
1
1
1
1
1
1
1
1
1
1
1
1
1
1
1
1
1
1
1
1
1
1
1
1
1
1
1
1
1
1
6
32
1
5
411
339
1
1
1
1
1
1
1
1
1
1
1
1
1
1
1
4
1
1
2
2
1
1
1
1
1
1
1
1
1
1
1
1
2153
316
1
1
1
1
1
1
2
38
1
1
1
1
7
59
1
1
1
1
1
1
1
1
2
2
1
1
1
1
1
1
1
1
1
1
1
1
1
1
1
1
1
1
174
29
1
1
1
1
5
14
1
1
1
1
1
4
1
2
1
2
1
1
1
1
1
1
3
20
1
1
1
1
1
1
1
1
1
1
264
95
1
1
2
1
415
548
1
1
1
1
1
1
1
1
139
684
1
1
1
1
3
15
1
1
1
1
1
1
1
1
1
1
1
1
1
2
2
1
1
1
1
1
1
1
2
2
1
1
1
1
1
1
1
1
1
1
1
1
1
1
3
16
1
1
1
1
1
1
1
1
1
1
1
1
1
1
1
1
2
8
1
1
3
2
1
1
1
1
1
1
639
101
1
1
1
1
1
1
1
1
1
1
1
1
1
1
1
1
4
7
1
1
2
2
1
1
1
1
1
1
2
2
2
2
1
1
1
1
1
1
1
1
1
1
1
1
2
2
2
2
1
2
1
1
1
1
1
1
3
11
6
63
1
1
20
951
1
1
1
1
1
1
1
1
1
1
1
1
1
1
1
1
1
1
1
1
1
1
1
1
1
1
1
2
1
1
1
2
2
2
1
1
1
1
1
1
1
1
2
2
1
1
1
1
1
1
1
1
2
6
1
1
1
1
1
1
1
1
1
1
1
1
1
1
1
1
1
1
1
1
2
11
1
1
1
1
2
2
1
1
17
2
308
69
2
2
1
2
951
92
1
1
1
1
1
1
1
1
1
1
3
2
1
1
1
1
1
1
1
1
1
1
1
1
1
1
1
1
40
19
1
1
1
1
1
1
1
1
1
1
1
1
1
1
1
1
1
2
1
1
1
1
1
1
1
1
2
2
1
1
1
1
1
1
1
1
3
62
3
9
1
1
1
1
1
1
1
1
1
1
1
1
1
1
1
2
1
5
1
1
2
2
1
1
1
1
4
2
1
1
1
1
1
1
1
1
44
50
2
4
2
15
12
119
1
1
1
1
2
3
2
4
1
1
1
1
1
1
1
4
1
1
1
1
1
1
1
2
1
1
1
2
1
1
1
2
1
1
1
1
2
37
7
190
11
567
1
1
1
1
1
1
1
1
1
1
1
1
1
1
1
1
2
2
1
1
1
1
1
1
1
1
13
992
1
1
1
1
2
3
3
21
1
1
1
1
1
1
68
17
1
1
2
1
1
1
1
1
1
1
72
18
1
1
1
2
1
1
1
1
2
1
1
1
2
4
1
1
1
1
1
1
1
2
46
384
1
1
1
1
1
1
27
75
1
2
1
1
1
1
1
1
1
1
1
1
4
2
1
1
1
1
1
1
1
1
1
1
1
1
1
1
1
1
2
2
200
55
1
1
1
1
1
1
1
1
1
1
3
17
17
3
1
1
1
1
1
1
1
1
1
1
1
6
1
1
1
1
4
8
1
4
1
1
1
1
1
1
1
1
1
1
1
1
1
1
1
1
1
1
1
1
1
1
1
1
1
1
1
1
1
2
1
1
1
1
1
1
1
1
1
1
1
2
32
1401
1
1
1
1
1
1
1
1
1
1
1
1
1
1
1
1
1
1
1
1
1
1
1
1
1
3
1
1
1
1
1
1
1
1
1
2
1
1
2
5
1
1
2
8
1
1
1
1
4
46
1
1
1
1
1
1
1
1
1
1
1
1
1
1
1
1
1
1
1
1
1
1
1
1
1
1
1
1
1
1
1
1
3
13
1
1
1
1
2
3
1
1
1
5
1
1
1
1
1
1
1
1
1
1
1
1
1
1
1
1
1
1
1
1
1
1
1
1
1
1
1
1
1
1
1
1
1
1
1
5
1
1
1
1
2
2
709
132
1
1
1
1
1
1
1
1
1
1
7
75
1
1
1
1
8
2
1
1
1
1
115
48
1
1
1
1
1
2
9
153
1
1
1
1
1
1
1
1
1
1
1
1
1
1
1
1
1
1
1
1
1
1
1
1
2
2
1
3
1
1
1
1
1
1
1
1
1
1
1
1
1
1
1
1
1
1
1
1
3
8
1
1
1
1
1
1
2
16
1
1
1
1
1
1
1
1
2
5
437
138
1
1
2
11
1
7
17
550
1
1
1
1
1
1
1
1
1
3
1
4
2
9
1
1
1
1
1
1
1
1
1
1
1
2
1
3
1
2
1
1
4
2
812
710
1
1
1
1
1
1
5
7
1
1
1
1
1
1
1
1
1
1
3
14
1
1
1
2
1
1
1
1
1
1
1
1
1
1
4
127
1
1
1
1
1
1
1
1
1
1
1
1
1
1
1
1
1
1
1
1
1
1
1
1
1
1
1
1
1
1
2
1
1
1
1
1
1
1
1
1
1
1
1
1
1
1
1
1
1
1
1
1
1
1
1
1
1
1
1
1
1
3
1
1
5
2
1
1
1
1
1
1
1
1
2
2
1
1
1
2
1
1
1
1
2
715
2
5
1
1
1
1
1
1
1
1
1
1
1
1
1
2
1
1
1
1
1
1
1
1
2
6
1
1
1
1
2
1
1
1
1
1
3
2
1
1
5
85
2
2
1
1
2
2
2
3
1
1
1
1
2
3
1
1
15
492
2
7
3
8
1
1
1
1
1
4
1
1
1
1
1
1
1
1
1
4
1
1
1
1
1
1
2
36
1
1
1
1
1
6
1
1
5
14
2
2
1
1
1
1
1
1
1
1
1
1
4
26
1
1
1
1
1
1
1
1
1
1
1
1
1
1
1
1
1
1
1
1
1
1
2
4
2
2
1
1
1
1
3
2
1
1
1
1
2
40
1
1
1
1
2
1
17
35
1
1
1
1
1
1
1
1
1
1
1
1
1
1
1
1
1
2
1
1
524
856
1
1
1
1
13
261
1
1
1
1
1
1
1
1
1
1
1
1
2
10
3
2
1
1
1
1
1
1
1
1
1
1
1
1
1
1
1
1
1
1
1
1
1
1
2
3
1
1
1
1
1
1
1
4
1
1
1
1
1
1
1
1
1
1
1
1
1
1
1
2
1
1
1
1
1
1
1
1
2
53
1
1
1
1
1
1
1
1
3
32
1
1
1
1
1
1
1
1
1
1
1
1
1
2
1
1
1
1
1
1
1
1
1
1
1
1
1
1
1
1
1
1
1
1
1
1
1
1
1
2
1
1
1
1
1
1
1
2
1
1
1
1
1
1
6
22
1
1
2
15
1
1
1
1
1
1
2
6
1
1
1
1
1
1
1
1
1
1
11
1528
1
1
1
1
1
1
1
1
30
17
1
1
1
2
20
2
1
1
1
1
1
1
1
1
1
1
1
1
1
1
1
1
1
1
1
1
1
1
1
1
1
1
1
1
1
1
1
1
1
1
1
1
1
1
1
1
1
1
1
1
2
3
1
1
1
1
1
1
1
1
1
1
1
1
1
1
1
1
1
1
1
2
34
1973
1
1
1
1
1
3
1
1
2
2
1
1
1
1
1
1
2
3
1
1
1
1
1
1
1
1
1
1
12
2
1
1
1
1
1
1
1374
218
1
1
1
1
1
1
1
1
1
1
47
901
1
1
1
1
1
1
1
1
2
2
1
1
1
1
1
1
1
3
1
1
3
4
1
1
1
1
2
6
1
2
1
1
1
1
1
1
1
1
1
2
1
1
1
1
8
7
1
1
1
1
1
1
1
1
1
1
1
1
1
1
1
4
1
1
1
1
1
1
1
1
88
572
1
1
1
1
1
1
1
1
1
1
1
1
1
1
1
1
1
2
1
1
1
1
1
1
1
1
1
1
1
1
1
1
1
1
1
1
1
1
1
1
1
1
1
1
1
1
1
1
269
1097
1
1
1
1
1
1
1
1
3
8
1
1
1
1
1
1
1
1
2
9
10
13
1
6
1
1
1
1
3
8
1
1
1
1
1
1
1
1
1
1
1
1
1
1
1
1
1
1
1
1
1
1
1
1
1
1
1
1
1
1
2
66
1
1
1
1
3
599
2
9
1
1
2
2
1
1
1
1
576
36
2
6
1
1
1
1
1
1
1
1
2
46
1
1
1
3
2
119
1
2
2
30
2
8
1
1
2
2
2
6
1
1
26
2
1
1
1
1
1
1
1
1
1
1
1
1
1
1
2
68
1
1
1
1
1
1
1
1
2
6
3
15
1
1
1
1
1
1
2
2
1
1
1
1
2
70
1
1
1
1
1
1
1
1
1
4
1
1
2
37
1
1
1
1
1
1
1
1
1
1
1
1
1
1
1
1
8
2
1
1
1
1
1
1
1
1
1
1
1
1
1
1
1
1
1
1
1
1
2
18
1
1
213
1268
2
79
1
1
3
8
1
1
1
1
1
1
2
14
1
1
1
1
1
1
1
1
3
33
1
1
1
1
1
1
1
1
1
1
1
1
2
1
1
1
15
354
1
1
347
74
1
1
1
1
2
3
189
120
1
2
1
1
